route,trip,longitude,latitude,scheduled_time,d_time
L, 1427,-122.396431,37.793152,17400,299
L, 1437,-122.396431,37.793152,17400,259
L, 1427,-122.41934,37.775234,17760,319
L, 1437,-122.41934,37.775234,17760,319
L, 1427,-122.435289,37.762683,18000,237
L, 1437,-122.435289,37.762683,18000,237
L, 1427,-122.4658,37.740956,18480,218
L, 1427,-122.465846,37.740893,18540,218
L, 1437,-122.478791,37.742967,18840,195
L, 1427,-122.478791,37.742967,18840,187
L, 1437,-122.494218,37.742267,19080,215
L, 1427,-122.494218,37.742267,19080,215
L, 1427,-122.504351,37.736125,19380,155
L, 1437,-122.504351,37.736125,19380,273
L, 1513,-122.396431,37.793152,18600,448
L, 1513,-122.41934,37.775234,18960,541
L, 1513,-122.435289,37.762683,19200,463
L, 1513,-122.4658,37.740956,19680,485
L, 1517,-122.4658,37.740956,19680,-668
L, 1517,-122.465846,37.740893,19740,-657
L, 1513,-122.465846,37.740893,19740,427
L, 1517,-122.478791,37.742967,20040,-659
L, 1513,-122.478791,37.742967,20040,436
L, 1517,-122.494218,37.742267,20280,-622
L, 1513,-122.494218,37.742267,20280,481
L, 1517,-122.504351,37.736125,20580,-537
L, 1513,-122.504351,37.736125,20580,518
L, 1485,-122.396431,37.793152,19680,206
L, 1494,-122.396431,37.793152,19680,206
L, 1494,-122.41934,37.775234,20040,197
L, 1485,-122.41934,37.775234,20040,197
L, 1494,-122.435289,37.762683,20280,126
L, 1485,-122.435289,37.762683,20280,126
L, 1494,-122.4658,37.740956,20760,154
L, 1485,-122.4658,37.740956,20760,112
L, 1485,-122.465846,37.740893,20820,101
L, 1494,-122.465846,37.740893,20820,95
L, 1485,-122.478791,37.742967,21120,66
L, 1494,-122.478791,37.742967,21120,76
L, 1494,-122.494218,37.742267,21360,131
L, 1485,-122.494218,37.742267,21360,114
L, 1494,-122.504351,37.736125,21660,303
L, 1485,-122.504351,37.736125,21660,295
L, 1430,-122.396431,37.793152,20760,-167
L, 1400,-122.396431,37.793152,20760,-167
L, 1430,-122.41934,37.775234,21120,-195
L, 1400,-122.41934,37.775234,21120,-195
L, 1400,-122.435289,37.762683,21360,-257
L, 1430,-122.435289,37.762683,21360,-257
L, 1430,-122.4658,37.740956,21840,-221
L, 1400,-122.4658,37.740956,21840,-223
L, 1430,-122.465846,37.740893,21900,-274
L, 1400,-122.465846,37.740893,21900,-281
L, 1430,-122.478791,37.742967,22200,-294
L, 1400,-122.478791,37.742967,22200,-300
L, 1430,-122.494218,37.742267,22440,-269
L, 1400,-122.494218,37.742267,22440,-284
L, 1400,-122.504351,37.736125,22740,-180
L, 1430,-122.504351,37.736125,22740,-172
L, 1509,-122.396431,37.793152,21720,44
L, 1401,-122.396431,37.793152,21720,44
L, 1401,-122.41934,37.775234,22080,20
L, 1509,-122.41934,37.775234,22080,20
L, 1509,-122.435289,37.762683,22320,-23
L, 1401,-122.435289,37.762683,22320,-23
L, 1401,-122.4658,37.740956,22800,112
L, 1509,-122.4658,37.740956,22800,112
L, 1509,-122.465846,37.740893,22860,52
L, 1401,-122.465846,37.740893,22860,52
L, 1509,-122.478791,37.742967,23160,41
L, 1401,-122.478791,37.742967,23160,41
L, 1509,-122.494218,37.742267,23460,-14
L, 1401,-122.494218,37.742267,23460,-19
L, 1509,-122.504351,37.736125,23820,-12
L, 1401,-122.504351,37.736125,23820,-10
L, 1437,-122.396431,37.793152,22680,922
L, 1427,-122.396431,37.793152,22680,922
L, 1427,-122.41934,37.775234,23040,909
L, 1437,-122.41934,37.775234,23040,909
L, 1427,-122.435289,37.762683,23280,844
L, 1437,-122.435289,37.762683,23280,844
L, 1427,-122.4658,37.740956,23760,851
L, 1437,-122.4658,37.740956,23760,830
L, 1427,-122.465846,37.740893,23820,792
L, 1437,-122.465846,37.740893,23820,779
L, 1437,-122.478791,37.742967,24120,833
L, 1427,-122.478791,37.742967,24120,851
L, 1437,-122.494218,37.742267,24420,825
L, 1427,-122.494218,37.742267,24420,831
L, 1427,-122.504351,37.736125,24780,813
L, 1437,-122.504351,37.736125,24780,809
L, 1438,-122.396431,37.793152,23520,663
L, 1518,-122.396431,37.793152,23520,663
L, 1518,-122.41934,37.775234,23880,665
L, 1438,-122.41934,37.775234,23880,665
L, 1438,-122.435289,37.762683,24120,738
L, 1518,-122.435289,37.762683,24120,738
L, 1438,-122.4658,37.740956,24600,874
L, 1518,-122.4658,37.740956,24600,882
L, 1518,-122.465846,37.740893,24660,822
L, 1438,-122.465846,37.740893,24660,822
L, 1438,-122.478791,37.742967,24960,800
L, 1518,-122.478791,37.742967,24960,808
L, 1438,-122.494218,37.742267,25260,805
L, 1518,-122.494218,37.742267,25260,798
L, 1518,-122.504351,37.736125,25620,782
L, 1438,-122.504351,37.736125,25620,789
L, 1513,-122.396431,37.793152,24360,439
L, 1517,-122.396431,37.793152,24360,439
L, 1517,-122.41934,37.775234,24720,406
L, 1513,-122.41934,37.775234,24720,406
L, 1517,-122.435289,37.762683,24960,329
L, 1513,-122.435289,37.762683,24960,329
L, 1513,-122.4658,37.740956,25440,353
L, 1517,-122.4658,37.740956,25440,353
L, 1513,-122.465846,37.740893,25500,293
L, 1517,-122.465846,37.740893,25500,293
L, 1517,-122.478791,37.742967,25800,333
L, 1513,-122.478791,37.742967,25800,325
L, 1517,-122.494218,37.742267,26100,360
L, 1513,-122.494218,37.742267,26100,353
L, 1513,-122.504351,37.736125,26460,358
L, 1517,-122.504351,37.736125,26460,355
L, 1494,-122.396431,37.793152,25140,306
L, 1485,-122.396431,37.793152,25140,306
L, 1485,-122.41934,37.775234,25500,307
L, 1494,-122.41934,37.775234,25500,307
L, 1494,-122.435289,37.762683,25740,369
L, 1485,-122.435289,37.762683,25740,369
L, 1485,-122.4658,37.740956,26220,656
L, 1494,-122.4658,37.740956,26220,601
L, 1485,-122.465846,37.740893,26280,598
L, 1494,-122.465846,37.740893,26280,575
L, 1485,-122.478791,37.742967,26580,649
L, 1494,-122.478791,37.742967,26580,635
L, 1494,-122.494218,37.742267,26880,838
L, 1485,-122.494218,37.742267,26880,825
L, 1494,-122.504351,37.736125,27240,893
L, 1485,-122.504351,37.736125,27240,896
L, 1430,-122.396431,37.793152,25920,118
L, 1400,-122.396431,37.793152,25920,118
L, 1400,-122.41934,37.775234,26280,102
L, 1430,-122.41934,37.775234,26280,102
L, 1430,-122.435289,37.762683,26520,42
L, 1400,-122.435289,37.762683,26520,42
L, 1400,-122.4658,37.740956,27000,212
L, 1430,-122.4658,37.740956,27000,199
L, 1400,-122.465846,37.740893,27060,154
L, 1430,-122.465846,37.740893,27060,149
L, 1430,-122.478791,37.742967,27360,201
L, 1400,-122.478791,37.742967,27360,220
L, 1400,-122.494218,37.742267,27660,276
L, 1430,-122.494218,37.742267,27660,280
L, 1400,-122.504351,37.736125,28020,321
L, 1430,-122.504351,37.736125,28020,322
L, 1545,-122.396431,37.793152,26580,-95
L, 1510,-122.396431,37.793152,26580,-95
L, 1545,-122.41934,37.775234,26940,-99
L, 1510,-122.41934,37.775234,26940,-99
L, 1510,-122.435289,37.762683,27180,-175
L, 1545,-122.435289,37.762683,27180,-175
L, 1545,-122.4658,37.740956,27660,-99
L, 1510,-122.4658,37.740956,27660,-100
L, 1545,-122.465846,37.740893,27720,-158
L, 1510,-122.465846,37.740893,27720,-159
L, 1545,-122.478791,37.742967,28020,-73
L, 1510,-122.478791,37.742967,28020,-84
L, 1510,-122.494218,37.742267,28320,2
L, 1545,-122.494218,37.742267,28320,4
L, 1510,-122.504351,37.736125,28680,73
L, 1545,-122.504351,37.736125,28680,-13
L, 1509,-122.396431,37.793152,27240,148
L, 1401,-122.396431,37.793152,27240,148
L, 1401,-122.41934,37.775234,27600,129
L, 1509,-122.41934,37.775234,27600,129
L, 1509,-122.435289,37.762683,27840,59
L, 1401,-122.435289,37.762683,27840,59
L, 1401,-122.4658,37.740956,28320,43
L, 1509,-122.4658,37.740956,28320,43
L, 1509,-122.465846,37.740893,28380,-17
L, 1401,-122.465846,37.740893,28380,-17
L, 1509,-122.478791,37.742967,28680,-3
L, 1401,-122.478791,37.742967,28680,-15
L, 1509,-122.494218,37.742267,28980,15
L, 1401,-122.494218,37.742267,28980,28
L, 1401,-122.504351,37.736125,29340,67
L, 1509,-122.504351,37.736125,29340,68
L, 1473,-122.396431,37.793152,27780,159
L, 1489,-122.396431,37.793152,27780,-701
L, 1473,-122.41934,37.775234,28140,156
L, 1473,-122.435289,37.762683,28380,118
L, 1473,-122.4658,37.740956,28860,218
L, 1473,-122.465846,37.740893,28920,160
L, 1473,-122.478791,37.742967,29220,241
L, 1473,-122.494218,37.742267,29520,322
L, 1473,-122.504351,37.736125,29880,331
L, 1427,-122.396431,37.793152,28200,455
L, 1437,-122.396431,37.793152,28200,455
L, 1427,-122.41934,37.775234,28560,452
L, 1437,-122.41934,37.775234,28560,452
L, 1427,-122.435289,37.762683,28800,377
L, 1437,-122.435289,37.762683,28800,377
L, 1427,-122.4658,37.740956,29280,498
L, 1437,-122.4658,37.740956,29280,504
L, 1427,-122.465846,37.740893,29340,439
L, 1437,-122.465846,37.740893,29340,445
L, 1437,-122.478791,37.742967,29640,460
L, 1427,-122.478791,37.742967,29640,451
L, 1437,-122.494218,37.742267,29940,484
L, 1427,-122.494218,37.742267,29940,475
L, 1437,-122.504351,37.736125,30300,752
L, 1427,-122.504351,37.736125,30300,545
L, 1535,-122.396431,37.793152,28680,-236
L, 1472,-122.396431,37.793152,28680,-236
L, 1535,-122.41934,37.775234,29040,-222
L, 1472,-122.41934,37.775234,29040,-222
L, 1535,-122.435289,37.762683,29280,-278
L, 1472,-122.435289,37.762683,29280,-278
L, 1535,-122.4658,37.740956,29760,-242
L, 1472,-122.4658,37.740956,29760,-268
L, 1535,-122.465846,37.740893,29820,-302
L, 1472,-122.465846,37.740893,29820,-306
L, 1535,-122.478791,37.742967,30120,-289
L, 1472,-122.478791,37.742967,30120,-299
L, 1535,-122.494218,37.742267,30420,-284
L, 1472,-122.494218,37.742267,30420,-295
L, 1535,-122.504351,37.736125,30780,-248
L, 1472,-122.504351,37.736125,30780,-255
L, 1518,-122.396431,37.793152,29160,138
L, 1438,-122.396431,37.793152,29160,138
L, 1518,-122.41934,37.775234,29520,127
L, 1438,-122.41934,37.775234,29520,127
L, 1518,-122.435289,37.762683,29760,50
L, 1438,-122.435289,37.762683,29760,50
L, 1518,-122.4658,37.740956,30240,85
L, 1438,-122.4658,37.740956,30240,78
L, 1438,-122.465846,37.740893,30300,19
L, 1518,-122.465846,37.740893,30300,27
L, 1438,-122.478791,37.742967,30600,38
L, 1518,-122.478791,37.742967,30600,60
L, 1518,-122.494218,37.742267,30900,64
L, 1438,-122.494218,37.742267,30900,49
L, 1438,-122.504351,37.736125,31260,98
L, 1518,-122.504351,37.736125,31260,111
L, 1517,-122.396431,37.793152,29640,483
L, 1513,-122.396431,37.793152,29640,483
L, 1513,-122.41934,37.775234,30000,510
L, 1517,-122.41934,37.775234,30000,510
L, 1517,-122.435289,37.762683,30240,435
L, 1513,-122.435289,37.762683,30240,435
L, 1513,-122.4658,37.740956,30720,463
L, 1517,-122.4658,37.740956,30720,444
L, 1517,-122.465846,37.740893,30780,404
L, 1513,-122.465846,37.740893,30780,405
L, 1517,-122.478791,37.742967,31080,466
L, 1513,-122.478791,37.742967,31080,454
L, 1517,-122.494218,37.742267,31380,488
L, 1513,-122.494218,37.742267,31380,481
L, 1513,-122.504351,37.736125,31740,537
L, 1517,-122.504351,37.736125,31740,535
L, 1424,-122.396431,37.793152,31080,459
L, 1424,-122.41934,37.775234,31440,638
L, 1424,-122.435289,37.762683,31680,608
L, 1424,-122.4658,37.740956,32160,1062
L, 1424,-122.465846,37.740893,32220,1003
L, 1424,-122.478791,37.742967,32520,991
L, 1424,-122.494218,37.742267,32820,987
L, 1424,-122.504351,37.736125,33180,1013
L, 1430,-122.396431,37.793152,31560,546
L, 1400,-122.396431,37.793152,31560,546
L, 1400,-122.41934,37.775234,31920,537
L, 1430,-122.41934,37.775234,31920,537
L, 1400,-122.435289,37.762683,32160,483
L, 1430,-122.435289,37.762683,32160,483
L, 1400,-122.4658,37.740956,32640,1029
L, 1430,-122.4658,37.740956,32640,1029
L, 1400,-122.465846,37.740893,32700,969
L, 1430,-122.465846,37.740893,32700,969
L, 1430,-122.478791,37.742967,33000,1038
L, 1400,-122.478791,37.742967,33000,1037
L, 1400,-122.494218,37.742267,33300,1034
L, 1430,-122.494218,37.742267,33300,1040
L, 1400,-122.504351,37.736125,33660,1053
L, 1430,-122.504351,37.736125,33660,1060
L, 1510,-122.396431,37.793152,32040,516
L, 1545,-122.396431,37.793152,32040,516
L, 1510,-122.41934,37.775234,32400,522
L, 1545,-122.41934,37.775234,32400,522
L, 1510,-122.435289,37.762683,32640,514
L, 1545,-122.435289,37.762683,32640,514
L, 1545,-122.4658,37.740956,33120,880
L, 1510,-122.4658,37.740956,33120,896
L, 1510,-122.465846,37.740893,33180,834
L, 1545,-122.465846,37.740893,33180,822
L, 1545,-122.478791,37.742967,33480,845
L, 1510,-122.478791,37.742967,33480,842
L, 1510,-122.494218,37.742267,33780,837
L, 1545,-122.494218,37.742267,33780,842
L, 1545,-122.504351,37.736125,34140,914
L, 1510,-122.504351,37.736125,34140,915
L, 1509,-122.396431,37.793152,32460,365
L, 1401,-122.396431,37.793152,32460,365
L, 1509,-122.41934,37.775234,32820,374
L, 1401,-122.41934,37.775234,32820,374
L, 1401,-122.435289,37.762683,33060,397
L, 1509,-122.435289,37.762683,33060,397
L, 1401,-122.4658,37.740956,33540,674
L, 1509,-122.4658,37.740956,33540,661
L, 1401,-122.465846,37.740893,33600,625
L, 1509,-122.465846,37.740893,33600,617
L, 1509,-122.478791,37.742967,33900,602
L, 1401,-122.478791,37.742967,33900,602
L, 1401,-122.494218,37.742267,34200,576
L, 1509,-122.494218,37.742267,34200,571
L, 1401,-122.504351,37.736125,34560,568
L, 1509,-122.504351,37.736125,34560,565
L, 1473,-122.396431,37.793152,33000,252
L, 1473,-122.41934,37.775234,33360,264
L, 1473,-122.435289,37.762683,33600,216
L, 1473,-122.4658,37.740956,34080,512
L, 1473,-122.465846,37.740893,34140,461
L, 1473,-122.478791,37.742967,34440,513
L, 1473,-122.494218,37.742267,34740,533
L, 1473,-122.504351,37.736125,35100,567
L, 1427,-122.396431,37.793152,33480,387
L, 1437,-122.396431,37.793152,33480,387
L, 1437,-122.41934,37.775234,33840,370
L, 1427,-122.41934,37.775234,33840,370
L, 1427,-122.435289,37.762683,34080,331
L, 1437,-122.435289,37.762683,34080,325
L, 1437,-122.4658,37.740956,34560,445
L, 1427,-122.4658,37.740956,34560,464
L, 1427,-122.465846,37.740893,34620,406
L, 1437,-122.465846,37.740893,34620,387
L, 1437,-122.478791,37.742967,34920,496
L, 1427,-122.478791,37.742967,34920,506
L, 1437,-122.494218,37.742267,35220,519
L, 1427,-122.494218,37.742267,35220,522
L, 1427,-122.504351,37.736125,35580,575
L, 1437,-122.504351,37.736125,35580,562
L, 1472,-122.396431,37.793152,33960,536
L, 1535,-122.396431,37.793152,33960,536
L, 1535,-122.41934,37.775234,34320,538
L, 1472,-122.41934,37.775234,34320,538
L, 1472,-122.435289,37.762683,34560,480
L, 1535,-122.435289,37.762683,34560,480
L, 1535,-122.4658,37.740956,35040,544
L, 1472,-122.4658,37.740956,35040,528
L, 1535,-122.465846,37.740893,35100,485
L, 1472,-122.465846,37.740893,35100,470
L, 1472,-122.478791,37.742967,35400,529
L, 1535,-122.478791,37.742967,35400,519
L, 1535,-122.494218,37.742267,35700,502
L, 1472,-122.494218,37.742267,35700,505
L, 1535,-122.504351,37.736125,36060,525
L, 1472,-122.504351,37.736125,36060,538
L, 1438,-122.396431,37.793152,34500,425
L, 1518,-122.396431,37.793152,34500,425
L, 1438,-122.41934,37.775234,34860,420
L, 1518,-122.41934,37.775234,34860,420
L, 1438,-122.435289,37.762683,35100,353
L, 1518,-122.435289,37.762683,35100,353
L, 1518,-122.4658,37.740956,35580,334
L, 1438,-122.4658,37.740956,35580,351
L, 1438,-122.465846,37.740893,35640,293
L, 1518,-122.465846,37.740893,35640,291
L, 1438,-122.478791,37.742967,36000,293
L, 1518,-122.478791,37.742967,36000,282
L, 1518,-122.494218,37.742267,36300,270
L, 1438,-122.494218,37.742267,36300,274
L, 1438,-122.504351,37.736125,36660,302
L, 1518,-122.504351,37.736125,36660,294
L, 1517,-122.396431,37.793152,35040,372
L, 1513,-122.396431,37.793152,35040,372
L, 1517,-122.41934,37.775234,35400,366
L, 1513,-122.41934,37.775234,35400,366
L, 1517,-122.435289,37.762683,35640,296
L, 1513,-122.435289,37.762683,35640,296
L, 1517,-122.4658,37.740956,36120,324
L, 1513,-122.4658,37.740956,36120,306
L, 1517,-122.465846,37.740893,36180,266
L, 1513,-122.465846,37.740893,36180,246
L, 1517,-122.478791,37.742967,36540,221
L, 1513,-122.478791,37.742967,36540,213
L, 1517,-122.494218,37.742267,36840,271
L, 1513,-122.494218,37.742267,36840,251
L, 1517,-122.504351,37.736125,37200,296
L, 1513,-122.504351,37.736125,37200,296
L, 1424,-122.396431,37.793152,36840,718
L, 1424,-122.41934,37.775234,37200,961
L, 1424,-122.435289,37.762683,37440,935
L, 1424,-122.4658,37.740956,37920,1189
L, 1400,-122.396431,37.793152,37440,807
L, 1430,-122.396431,37.793152,37440,807
L, 1400,-122.41934,37.775234,37800,784
L, 1430,-122.41934,37.775234,37800,784
L, 1430,-122.435289,37.762683,38040,704
L, 1400,-122.435289,37.762683,38040,714
L, 1400,-122.4658,37.740956,38520,1027
L, 1430,-122.4658,37.740956,38520,1006
L, 1400,-122.465846,37.740893,38580,969
L, 1430,-122.465846,37.740893,38580,962
L, 1430,-122.478791,37.742967,38940,902
L, 1400,-122.478791,37.742967,38940,915
L, 1400,-122.494218,37.742267,39240,882
L, 1430,-122.494218,37.742267,39240,876
L, 1400,-122.504351,37.736125,39600,954
L, 1430,-122.504351,37.736125,39600,945
L, 1510,-122.396431,37.793152,38040,458
L, 1545,-122.396431,37.793152,38040,458
L, 1545,-122.41934,37.775234,38400,428
L, 1510,-122.41934,37.775234,38400,428
L, 1545,-122.435289,37.762683,38640,447
L, 1510,-122.435289,37.762683,38640,447
L, 1545,-122.4658,37.740956,39120,762
L, 1510,-122.4658,37.740956,39120,762
L, 1510,-122.465846,37.740893,39180,704
L, 1545,-122.465846,37.740893,39180,704
L, 1510,-122.478791,37.742967,39540,692
L, 1545,-122.478791,37.742967,39540,692
L, 1545,-122.494218,37.742267,39840,787
L, 1510,-122.494218,37.742267,39840,782
L, 1545,-122.504351,37.736125,40200,810
L, 1510,-122.504351,37.736125,40200,808
L, 1509,-122.396431,37.793152,38640,490
L, 1401,-122.396431,37.793152,38640,490
L, 1509,-122.41934,37.775234,39000,476
L, 1401,-122.41934,37.775234,39000,476
L, 1401,-122.435289,37.762683,39240,409
L, 1509,-122.435289,37.762683,39240,409
L, 1509,-122.4658,37.740956,39720,477
L, 1401,-122.4658,37.740956,39720,477
L, 1401,-122.465846,37.740893,39780,417
L, 1509,-122.465846,37.740893,39780,417
L, 1401,-122.478791,37.742967,40140,396
L, 1509,-122.478791,37.742967,40140,401
L, 1509,-122.494218,37.742267,40440,425
L, 1401,-122.494218,37.742267,40440,425
L, 1401,-122.504351,37.736125,40800,474
L, 1509,-122.504351,37.736125,40800,474
L, 1437,-122.396431,37.793152,39240,598
L, 1427,-122.396431,37.793152,39240,598
L, 1437,-122.41934,37.775234,39600,585
L, 1427,-122.41934,37.775234,39600,585
L, 1437,-122.435289,37.762683,39840,518
L, 1437,-122.4658,37.740956,40320,594
L, 1427,-122.4658,37.740956,40320,575
L, 1437,-122.465846,37.740893,40380,535
L, 1427,-122.465846,37.740893,40380,517
L, 1437,-122.478791,37.742967,40740,492
L, 1427,-122.478791,37.742967,40740,495
L, 1427,-122.494218,37.742267,41040,555
L, 1437,-122.494218,37.742267,41040,554
L, 1427,-122.504351,37.736125,41400,578
L, 1437,-122.504351,37.736125,41400,586
L, 1535,-122.396431,37.793152,39840,351
L, 1472,-122.396431,37.793152,39840,351
L, 1535,-122.41934,37.775234,40200,376
L, 1535,-122.435289,37.762683,40440,363
L, 1472,-122.4658,37.740956,40920,464
L, 1535,-122.4658,37.740956,40920,512
L, 1472,-122.465846,37.740893,40980,434
L, 1535,-122.465846,37.740893,40980,453
L, 1535,-122.478791,37.742967,41340,392
L, 1472,-122.478791,37.742967,41340,382
L, 1535,-122.494218,37.742267,41640,427
L, 1472,-122.494218,37.742267,41640,400
L, 1535,-122.504351,37.736125,42000,455
L, 1472,-122.504351,37.736125,42000,450
L, 1518,-122.396431,37.793152,40440,210
L, 1518,-122.41934,37.775234,40800,209
L, 1518,-122.435289,37.762683,41040,134
L, 1518,-122.4658,37.740956,41520,237
L, 1518,-122.465846,37.740893,41580,177
L, 1518,-122.478791,37.742967,41940,112
L, 1438,-122.478791,37.742967,41940,103
L, 1518,-122.494218,37.742267,42240,179
L, 1438,-122.494218,37.742267,42240,183
L, 1518,-122.504351,37.736125,42600,271
L, 1438,-122.504351,37.736125,42600,262
L, 1513,-122.396431,37.793152,41040,186
L, 1513,-122.41934,37.775234,41400,169
L, 1513,-122.435289,37.762683,41640,104
L, 1513,-122.4658,37.740956,42120,144
L, 1513,-122.465846,37.740893,42180,86
L, 1517,-122.478791,37.742967,42540,101
L, 1513,-122.478791,37.742967,42540,129
L, 1513,-122.494218,37.742267,42840,187
L, 1517,-122.494218,37.742267,42840,175
L, 1517,-122.504351,37.736125,86400,215
L, 1513,-122.504351,37.736125,86400,173
L, 1516,-122.41934,37.775234,86400,467
L, 1516,-122.435289,37.762683,86640,435
L, 1516,-122.4658,37.740956,87120,504
L, 1516,-122.465846,37.740893,87180,446
L, 1516,-122.478791,37.742967,87540,437
L, 1516,-122.494218,37.742267,87840,466
L, 1516,-122.504351,37.736125,88200,490
L, 1400,-122.396431,37.793152,86640,39
L, 1430,-122.396431,37.793152,86640,39
L, 1400,-122.41934,37.775234,87000,22
L, 1430,-122.41934,37.775234,87000,22
L, 1400,-122.435289,37.762683,87240,-42
L, 1430,-122.435289,37.762683,87240,-42
L, 1430,-122.4658,37.740956,87720,60
L, 1400,-122.4658,37.740956,87720,60
L, 1430,-122.465846,37.740893,87780,0
L, 1400,-122.465846,37.740893,87780,0
L, 1430,-122.478791,37.742967,88140,20
L, 1400,-122.478791,37.742967,88140,32
L, 1400,-122.494218,37.742267,88440,43
L, 1430,-122.494218,37.742267,88440,50
L, 1430,-122.504351,37.736125,88800,108
L, 1400,-122.504351,37.736125,88800,106
L, 1545,-122.396431,37.793152,87240,-68
L, 1510,-122.396431,37.793152,87240,-68
L, 1510,-122.41934,37.775234,87600,-35
L, 1545,-122.41934,37.775234,87600,-35
L, 1510,-122.435289,37.762683,87840,-104
L, 1545,-122.435289,37.762683,87840,-104
L, 1510,-122.4658,37.740956,88320,105
L, 1545,-122.4658,37.740956,88320,99
L, 1510,-122.465846,37.740893,88380,46
L, 1545,-122.465846,37.740893,88380,45
L, 1510,-122.478791,37.742967,88740,-15
L, 1545,-122.478791,37.742967,88740,-16
L, 1510,-122.494218,37.742267,89040,42
L, 1545,-122.494218,37.742267,89040,30
L, 1510,-122.504351,37.736125,89400,157
L, 1545,-122.504351,37.736125,89400,157
L, 1509,-122.478791,37.742967,89340,378
L, 1509,-122.494218,37.742267,89640,-42788
L, 1509,-122.504351,37.736125,46800,472
L, 1437,-122.396431,37.793152,88440,407
L, 1427,-122.396431,37.793152,88440,407
L, 1437,-122.41934,37.775234,88800,392
L, 1427,-122.41934,37.775234,88800,392
L, 1427,-122.435289,37.762683,89040,311
L, 1437,-122.435289,37.762683,89040,311
L, 1437,-122.4658,37.740956,89520,391
L, 1427,-122.4658,37.740956,89520,394
L, 1427,-122.465846,37.740893,89580,335
L, 1437,-122.465846,37.740893,89580,332
L, 1427,-122.478791,37.742967,89940,-42890
L, 1437,-122.478791,37.742967,89940,-42913
L, 1427,-122.494218,37.742267,47040,336
L, 1437,-122.494218,37.742267,47040,323
L, 1427,-122.504351,37.736125,47400,305
L, 1437,-122.504351,37.736125,47400,302
L, 1535,-122.396431,37.793152,89040,487
L, 1472,-122.396431,37.793152,89040,487
L, 1535,-122.41934,37.775234,89400,-42571
L, 1472,-122.41934,37.775234,89400,-42571
L, 1535,-122.435289,37.762683,89640,-42550
L, 1472,-122.435289,37.762683,89640,-42547
L, 1535,-122.4658,37.740956,46920,1066
L, 1472,-122.4658,37.740956,46920,1232
L, 1472,-122.465846,37.740893,46980,1174
L, 1535,-122.465846,37.740893,46980,1186
L, 1472,-122.478791,37.742967,47340,1208
L, 1535,-122.478791,37.742967,47340,1210
L, 1535,-122.494218,37.742267,47640,1378
L, 1472,-122.494218,37.742267,47640,1363
L, 1535,-122.504351,37.736125,48000,1451
L, 1472,-122.504351,37.736125,48000,1457
L, 1518,-122.396431,37.793152,89640,184
L, 1438,-122.396431,37.793152,89640,184
L, 1518,-122.41934,37.775234,46800,250
L, 1438,-122.41934,37.775234,46800,250
L, 1438,-122.435289,37.762683,47040,260
L, 1518,-122.435289,37.762683,47040,260
L, 1438,-122.4658,37.740956,47520,910
L, 1518,-122.4658,37.740956,47520,910
L, 1518,-122.465846,37.740893,47580,850
L, 1438,-122.465846,37.740893,47580,850
L, 1518,-122.478791,37.742967,47940,806
L, 1438,-122.478791,37.742967,47940,788
L, 1518,-122.494218,37.742267,48240,859
L, 1438,-122.494218,37.742267,48240,846
L, 1438,-122.504351,37.736125,48600,933
L, 1518,-122.504351,37.736125,48600,925
L, 1513,-122.396431,37.793152,47040,381
L, 1517,-122.396431,37.793152,47040,381
L, 1517,-122.41934,37.775234,47400,396
L, 1513,-122.41934,37.775234,47400,396
L, 1517,-122.435289,37.762683,47640,319
L, 1513,-122.435289,37.762683,47640,319
L, 1513,-122.4658,37.740956,48120,631
L, 1517,-122.4658,37.740956,48120,631
L, 1513,-122.465846,37.740893,48180,572
L, 1517,-122.465846,37.740893,48180,571
L, 1517,-122.478791,37.742967,48540,608
L, 1513,-122.478791,37.742967,48540,601
L, 1517,-122.494218,37.742267,48840,644
L, 1513,-122.494218,37.742267,48840,622
L, 1517,-122.504351,37.736125,49200,679
L, 1513,-122.504351,37.736125,49200,677
L, 1516,-122.396431,37.793152,48840,542
L, 1516,-122.41934,37.775234,49200,582
L, 1516,-122.435289,37.762683,49440,564
L, 1516,-122.4658,37.740956,49920,593
L, 1516,-122.465846,37.740893,49980,534
L, 1516,-122.478791,37.742967,50340,546
L, 1516,-122.494218,37.742267,50640,624
L, 1516,-122.504351,37.736125,51060,721
L, 1400,-122.396431,37.793152,49440,491
L, 1430,-122.396431,37.793152,49440,491
L, 1430,-122.41934,37.775234,49800,488
L, 1400,-122.41934,37.775234,49800,488
L, 1430,-122.435289,37.762683,50040,410
L, 1400,-122.435289,37.762683,50040,410
L, 1400,-122.4658,37.740956,50520,437
L, 1430,-122.4658,37.740956,50520,422
L, 1430,-122.465846,37.740893,50580,376
L, 1400,-122.465846,37.740893,50580,378
L, 1430,-122.478791,37.742967,50940,392
L, 1400,-122.478791,37.742967,50940,406
L, 1400,-122.494218,37.742267,51240,492
L, 1430,-122.494218,37.742267,51240,464
L, 1400,-122.504351,37.736125,51660,491
L, 1430,-122.504351,37.736125,51660,486
L, 1510,-122.396431,37.793152,50040,65
L, 1545,-122.396431,37.793152,50040,65
L, 1545,-122.41934,37.775234,50400,104
L, 1510,-122.41934,37.775234,50400,104
L, 1510,-122.435289,37.762683,50640,42
L, 1545,-122.435289,37.762683,50640,42
L, 1510,-122.4658,37.740956,51120,162
L, 1545,-122.4658,37.740956,51120,168
L, 1545,-122.465846,37.740893,51180,109
L, 1510,-122.465846,37.740893,51180,109
L, 1545,-122.478791,37.742967,51540,93
L, 1510,-122.478791,37.742967,51540,104
L, 1545,-122.494218,37.742267,51840,158
L, 1510,-122.494218,37.742267,51840,180
L, 1510,-122.504351,37.736125,52260,195
L, 1545,-122.504351,37.736125,52260,194
L, 1509,-122.396431,37.793152,50640,-40
L, 1401,-122.396431,37.793152,50640,-40
L, 1401,-122.41934,37.775234,51000,-30
L, 1509,-122.41934,37.775234,51000,-30
L, 1401,-122.435289,37.762683,51240,-94
L, 1509,-122.435289,37.762683,51240,-94
L, 1509,-122.4658,37.740956,51720,-74
L, 1401,-122.4658,37.740956,51720,-74
L, 1509,-122.465846,37.740893,51780,-134
L, 1401,-122.465846,37.740893,51780,-134
L, 1509,-122.478791,37.742967,52140,-188
L, 1401,-122.478791,37.742967,52140,-201
L, 1509,-122.494218,37.742267,52440,-128
L, 1401,-122.494218,37.742267,52440,-130
L, 1509,-122.504351,37.736125,52860,-188
L, 1401,-122.504351,37.736125,52860,-125
L, 1427,-122.396431,37.793152,51240,-54
L, 1437,-122.396431,37.793152,51240,-54
L, 1427,-122.41934,37.775234,51600,-53
L, 1437,-122.41934,37.775234,51600,-53
L, 1427,-122.435289,37.762683,51840,-121
L, 1437,-122.435289,37.762683,51840,-121
L, 1445,-122.494218,37.742267,53040,243
L, 1445,-122.504351,37.736125,53460,237
L, 1472,-122.396431,37.793152,51840,583
L, 1535,-122.396431,37.793152,51840,583
L, 1472,-122.41934,37.775234,52200,597
L, 1535,-122.41934,37.775234,52200,597
L, 1472,-122.435289,37.762683,52440,537
L, 1535,-122.435289,37.762683,52440,537
L, 1472,-122.4658,37.740956,52920,600
L, 1535,-122.4658,37.740956,52920,600
L, 1472,-122.465846,37.740893,52980,541
L, 1535,-122.465846,37.740893,52980,541
L, 1535,-122.478791,37.742967,53340,517
L, 1472,-122.478791,37.742967,53340,504
L, 1472,-122.494218,37.742267,53640,618
L, 1535,-122.494218,37.742267,53640,621
L, 1472,-122.504351,37.736125,54060,625
L, 1535,-122.504351,37.736125,54060,630
L, 1438,-122.396431,37.793152,52440,304
L, 1518,-122.396431,37.793152,52440,304
L, 1438,-122.41934,37.775234,52800,324
L, 1518,-122.41934,37.775234,52800,324
L, 1518,-122.435289,37.762683,53040,264
L, 1438,-122.435289,37.762683,53040,264
L, 1518,-122.4658,37.740956,53520,389
L, 1438,-122.4658,37.740956,53520,387
L, 1518,-122.465846,37.740893,53580,330
L, 1438,-122.465846,37.740893,53580,327
L, 1518,-122.478791,37.742967,53940,416
L, 1438,-122.478791,37.742967,53940,415
L, 1518,-122.494218,37.742267,54240,508
L, 1438,-122.494218,37.742267,54240,489
L, 1438,-122.504351,37.736125,54660,531
L, 1518,-122.504351,37.736125,54660,537
L, 1513,-122.396431,37.793152,53040,117
L, 1517,-122.396431,37.793152,53040,117
L, 1517,-122.41934,37.775234,53400,132
L, 1513,-122.41934,37.775234,53400,132
L, 1513,-122.435289,37.762683,53640,90
L, 1517,-122.435289,37.762683,53640,90
L, 1513,-122.4658,37.740956,54120,159
L, 1517,-122.4658,37.740956,54120,174
L, 1513,-122.465846,37.740893,54180,99
L, 1517,-122.465846,37.740893,54180,115
L, 1517,-122.478791,37.742967,54540,115
L, 1513,-122.478791,37.742967,54540,120
L, 1517,-122.494218,37.742267,54840,183
L, 1513,-122.494218,37.742267,54840,191
L, 1517,-122.504351,37.736125,55260,475
L, 1513,-122.504351,37.736125,55260,719
L, 1501,-122.4658,37.740956,54720,387
L, 1501,-122.465846,37.740893,54780,329
L, 1501,-122.478791,37.742967,55140,406
L, 1501,-122.494218,37.742267,55440,476
L, 1501,-122.504351,37.736125,55860,495
L, 1508,-122.41934,37.775234,54600,256
L, 1508,-122.435289,37.762683,54840,215
L, 1508,-122.4658,37.740956,55320,318
L, 1508,-122.465846,37.740893,55380,290
L, 1508,-122.478791,37.742967,55740,327
L, 1494,-122.478791,37.742967,55740,-1291
L, 1508,-122.494218,37.742267,56040,415
L, 1494,-122.494218,37.742267,56040,-1230
L, 1508,-122.504351,37.736125,56460,455
L, 1494,-122.504351,37.736125,56460,-1224
L, 1516,-122.396431,37.793152,54840,122
L, 1516,-122.41934,37.775234,55200,180
L, 1516,-122.435289,37.762683,55440,148
L, 1516,-122.4658,37.740956,55920,209
L, 1516,-122.465846,37.740893,55980,152
L, 1516,-122.478791,37.742967,56340,191
L, 1516,-122.494218,37.742267,56640,252
L, 1516,-122.504351,37.736125,57060,293
L, 1430,-122.396431,37.793152,55440,304
L, 1400,-122.396431,37.793152,55440,304
L, 1400,-122.41934,37.775234,55800,315
L, 1430,-122.41934,37.775234,55800,315
L, 1430,-122.435289,37.762683,56040,248
L, 1400,-122.435289,37.762683,56040,248
L, 1430,-122.4658,37.740956,56520,351
L, 1400,-122.4658,37.740956,56520,342
L, 1400,-122.465846,37.740893,56580,291
L, 1430,-122.465846,37.740893,56580,291
L, 1400,-122.478791,37.742967,56940,307
L, 1430,-122.478791,37.742967,56940,322
L, 1400,-122.494218,37.742267,57240,383
L, 1430,-122.494218,37.742267,57240,412
L, 1430,-122.504351,37.736125,57660,478
L, 1400,-122.504351,37.736125,57660,470
L, 1510,-122.396431,37.793152,56040,756
L, 1545,-122.396431,37.793152,56040,756
L, 1545,-122.41934,37.775234,56400,763
L, 1510,-122.41934,37.775234,56400,763
L, 1545,-122.435289,37.762683,56640,704
L, 1510,-122.435289,37.762683,56640,704
L, 1510,-122.4658,37.740956,57120,721
L, 1545,-122.4658,37.740956,57120,736
L, 1510,-122.465846,37.740893,57180,662
L, 1545,-122.465846,37.740893,57180,677
L, 1510,-122.478791,37.742967,57480,761
L, 1545,-122.478791,37.742967,57480,758
L, 1510,-122.494218,37.742267,57840,1069
L, 1545,-122.494218,37.742267,57840,1009
L, 1510,-122.504351,37.736125,58260,736
L, 1545,-122.504351,37.736125,58260,676
L, 1509,-122.396431,37.793152,56580,552
L, 1401,-122.396431,37.793152,56580,552
L, 1401,-122.41934,37.775234,56940,550
L, 1509,-122.41934,37.775234,56940,550
L, 1509,-122.435289,37.762683,57180,480
L, 1401,-122.435289,37.762683,57180,480
L, 1401,-122.4658,37.740956,57660,595
L, 1509,-122.4658,37.740956,57660,600
L, 1401,-122.465846,37.740893,57720,539
L, 1509,-122.465846,37.740893,57720,541
L, 1401,-122.478791,37.742967,58020,530
L, 1509,-122.478791,37.742967,58020,521
L, 1509,-122.494218,37.742267,58380,608
L, 1401,-122.494218,37.742267,58380,610
L, 1509,-122.504351,37.736125,58800,628
L, 1401,-122.504351,37.736125,58800,627
L, 1402,-122.396431,37.793152,57060,305
L, 1423,-122.396431,37.793152,57060,305
L, 1402,-122.41934,37.775234,57420,428
L, 1423,-122.41934,37.775234,57420,428
L, 1402,-122.435289,37.762683,57660,386
L, 1423,-122.435289,37.762683,57660,386
L, 1423,-122.4658,37.740956,58140,427
L, 1402,-122.4658,37.740956,58140,427
L, 1402,-122.465846,37.740893,58200,367
L, 1423,-122.465846,37.740893,58200,368
L, 1402,-122.478791,37.742967,58500,435
L, 1423,-122.478791,37.742967,58500,431
L, 1423,-122.494218,37.742267,58860,423
L, 1402,-122.494218,37.742267,58860,418
L, 1402,-122.504351,37.736125,59280,465
L, 1423,-122.504351,37.736125,59280,471
L, 1445,-122.396431,37.793152,57540,250
L, 1445,-122.41934,37.775234,57900,292
L, 1445,-122.435289,37.762683,58140,273
L, 1445,-122.4658,37.740956,58620,266
L, 1445,-122.465846,37.740893,58680,246
L, 1445,-122.478791,37.742967,58980,264
L, 1445,-122.494218,37.742267,59340,261
L, 1445,-122.504351,37.736125,59760,235
L, 1472,-122.396431,37.793152,57960,509
L, 1535,-122.396431,37.793152,57960,509
L, 1472,-122.41934,37.775234,58320,521
L, 1535,-122.41934,37.775234,58320,521
L, 1472,-122.435289,37.762683,58560,461
L, 1535,-122.435289,37.762683,58560,461
L, 1472,-122.4658,37.740956,59040,489
L, 1535,-122.4658,37.740956,59040,489
L, 1472,-122.465846,37.740893,59100,431
L, 1535,-122.465846,37.740893,59100,429
L, 1535,-122.478791,37.742967,59400,533
L, 1472,-122.478791,37.742967,59400,563
L, 1472,-122.494218,37.742267,59760,583
L, 1535,-122.494218,37.742267,59760,579
L, 1472,-122.504351,37.736125,60180,602
L, 1535,-122.504351,37.736125,60180,581
L, 1438,-122.396431,37.793152,58440,566
L, 1518,-122.396431,37.793152,58440,566
L, 1438,-122.41934,37.775234,58800,609
L, 1518,-122.41934,37.775234,58800,609
L, 1438,-122.435289,37.762683,59040,553
L, 1518,-122.435289,37.762683,59040,553
L, 1518,-122.4658,37.740956,59520,594
L, 1438,-122.4658,37.740956,59520,578
L, 1518,-122.465846,37.740893,59580,550
L, 1438,-122.465846,37.740893,59580,534
L, 1438,-122.478791,37.742967,59880,670
L, 1518,-122.478791,37.742967,59880,662
L, 1518,-122.494218,37.742267,60240,693
L, 1438,-122.494218,37.742267,60240,684
L, 1438,-122.504351,37.736125,60660,783
L, 1518,-122.504351,37.736125,60660,779
L, 1485,-122.396431,37.793152,58920,1008
L, 1485,-122.41934,37.775234,59280,1095
L, 1485,-122.435289,37.762683,59520,1045
L, 1485,-122.4658,37.740956,60000,1152
L, 1485,-122.465846,37.740893,60060,1092
L, 1485,-122.478791,37.742967,60360,1186
L, 1485,-122.494218,37.742267,60720,1200
L, 1485,-122.504351,37.736125,61140,1078
L, 1517,-122.396431,37.793152,59340,1388
L, 1513,-122.396431,37.793152,59340,1388
L, 1517,-122.41934,37.775234,59700,1475
L, 1513,-122.41934,37.775234,59700,1475
L, 1513,-122.435289,37.762683,59940,1427
L, 1517,-122.435289,37.762683,59940,1427
L, 1513,-122.4658,37.740956,60420,1454
L, 1517,-122.4658,37.740956,60420,1449
L, 1513,-122.465846,37.740893,60480,1395
L, 1517,-122.465846,37.740893,60480,1390
L, 1460,-122.478791,37.742967,60780,-150
L, 1517,-122.478791,37.742967,60780,1680
L, 1460,-122.494218,37.742267,61140,-100
L, 1517,-122.494218,37.742267,61140,1692
L, 1534,-122.504351,37.736125,61560,-59
L, 1517,-122.504351,37.736125,61560,1741
L, 1501,-122.396431,37.793152,59760,1587
L, 1501,-122.41934,37.775234,60120,1605
L, 1501,-122.435289,37.762683,60360,1599
L, 1501,-122.4658,37.740956,60840,1716
L, 1501,-122.465846,37.740893,60900,1653
L, 1501,-122.478791,37.742967,61200,1720
L, 1501,-122.494218,37.742267,61560,1773
L, 1501,-122.504351,37.736125,61980,1839
L, 1508,-122.396431,37.793152,60240,1619
L, 1508,-122.41934,37.775234,60600,1720
L, 1508,-122.435289,37.762683,60840,1736
L, 1508,-122.4658,37.740956,61320,1814
L, 1508,-122.465846,37.740893,61380,1756
L, 1508,-122.478791,37.742967,61680,1920
L, 1508,-122.494218,37.742267,62040,1677
L, 1508,-122.504351,37.736125,62460,1257
L, 1516,-122.396431,37.793152,60660,1402
L, 1516,-122.41934,37.775234,61020,1480
L, 1516,-122.435289,37.762683,61260,1519
L, 1516,-122.4658,37.740956,61740,1560
L, 1516,-122.465846,37.740893,61800,1501
L, 1516,-122.478791,37.742967,62100,1737
L, 1516,-122.494218,37.742267,62460,1778
L, 1516,-122.504351,37.736125,62880,1807
L, 1510,-122.396431,37.793152,61560,832
L, 1545,-122.396431,37.793152,61560,832
L, 1510,-122.41934,37.775234,61920,968
L, 1545,-122.41934,37.775234,61920,968
L, 1545,-122.435289,37.762683,62160,917
L, 1510,-122.435289,37.762683,62160,917
L, 1545,-122.4658,37.740956,62640,981
L, 1510,-122.4658,37.740956,62640,972
L, 1510,-122.465846,37.740893,62700,913
L, 1545,-122.465846,37.740893,62700,920
L, 1510,-122.478791,37.742967,63000,1047
L, 1545,-122.478791,37.742967,63000,1033
L, 1545,-122.494218,37.742267,63360,1038
L, 1510,-122.494218,37.742267,63360,1047
L, 1510,-122.504351,37.736125,63780,1076
L, 1545,-122.504351,37.736125,63780,1073
L, 1509,-122.396431,37.793152,62040,1296
L, 1401,-122.396431,37.793152,62040,1296
L, 1509,-122.41934,37.775234,62400,1375
L, 1401,-122.41934,37.775234,62400,1375
L, 1509,-122.435289,37.762683,62640,1323
L, 1401,-122.435289,37.762683,62640,1323
L, 1401,-122.4658,37.740956,63120,1432
L, 1509,-122.4658,37.740956,63120,1432
L, 1401,-122.465846,37.740893,63180,1372
L, 1509,-122.465846,37.740893,63180,1372
L, 1401,-122.478791,37.742967,63480,1446
L, 1509,-122.478791,37.742967,63480,1469
L, 1401,-122.494218,37.742267,63840,1536
L, 1509,-122.494218,37.742267,63840,1469
L, 1401,-122.504351,37.736125,64260,1116
L, 1509,-122.504351,37.736125,64260,1049
L, 1430,-122.494218,37.742267,64260,-149
L, 1400,-122.494218,37.742267,64260,-144
L, 1430,-122.504351,37.736125,64680,-152
L, 1400,-122.504351,37.736125,64680,-147
L, 1445,-122.396431,37.793152,62940,606
L, 1445,-122.41934,37.775234,63300,676
L, 1445,-122.435289,37.762683,63540,649
L, 1445,-122.4658,37.740956,64020,1054
L, 1478,-122.4658,37.740956,64020,196
L, 1445,-122.465846,37.740893,64080,992
L, 1445,-122.478791,37.742967,64380,1065
L, 1445,-122.494218,37.742267,64740,1068
L, 1445,-122.504351,37.736125,65160,1087
L, 1535,-122.396431,37.793152,63360,694
L, 1472,-122.396431,37.793152,63360,694
L, 1535,-122.41934,37.775234,63720,699
L, 1472,-122.41934,37.775234,63720,699
L, 1535,-122.435289,37.762683,63960,640
L, 1472,-122.435289,37.762683,63960,640
L, 1472,-122.4658,37.740956,64440,1111
L, 1535,-122.4658,37.740956,64440,1103
L, 1472,-122.465846,37.740893,64500,1052
L, 1535,-122.465846,37.740893,64500,1045
L, 1535,-122.478791,37.742967,64800,1139
L, 1472,-122.478791,37.742967,64800,1130
L, 1535,-122.494218,37.742267,65160,1193
L, 1472,-122.494218,37.742267,65160,1166
L, 1472,-122.504351,37.736125,65580,1184
L, 1535,-122.504351,37.736125,65580,1189
L, 1518,-122.396431,37.793152,63780,686
L, 1438,-122.396431,37.793152,63780,686
L, 1518,-122.41934,37.775234,64140,714
L, 1438,-122.41934,37.775234,64140,714
L, 1438,-122.435289,37.762683,64380,658
L, 1518,-122.435289,37.762683,64380,658
L, 1438,-122.4658,37.740956,64860,1105
L, 1518,-122.4658,37.740956,64860,1107
L, 1518,-122.465846,37.740893,64920,1049
L, 1438,-122.465846,37.740893,64920,1047
L, 1518,-122.478791,37.742967,65220,1124
L, 1438,-122.478791,37.742967,65220,1117
L, 1518,-122.494218,37.742267,65580,1126
L, 1438,-122.494218,37.742267,65580,1125
L, 1518,-122.504351,37.736125,66000,1217
L, 1438,-122.504351,37.736125,66000,1233
L, 1494,-122.396431,37.793152,64260,1589
L, 1494,-122.41934,37.775234,64620,1605
L, 1494,-122.435289,37.762683,64860,1598
L, 1494,-122.4658,37.740956,65340,1716
L, 1494,-122.465846,37.740893,65400,1656
L, 1494,-122.478791,37.742967,65700,1356
L, 1494,-122.494218,37.742267,66060,996
L, 1494,-122.504351,37.736125,66480,660
L, 1508,-122.396431,37.793152,65580,366
L, 1508,-122.41934,37.775234,65940,476
L, 1508,-122.435289,37.762683,66180,466
L, 1508,-122.4658,37.740956,66660,536
L, 1508,-122.465846,37.740893,66720,478
L, 1508,-122.478791,37.742967,67020,511
L, 1461,-122.478791,37.742967,67020,4103
L, 1461,-122.494218,37.742267,67320,4198
L, 1508,-122.494218,37.742267,67320,618
L, 1508,-122.504351,37.736125,67740,651
L, 1461,-122.504351,37.736125,67740,4150
L, 1516,-122.465846,37.740893,67200,-330
L, 1516,-122.478791,37.742967,67500,-382
L, 1516,-122.494218,37.742267,67800,-338
L, 1516,-122.504351,37.736125,68220,-379
L, 1430,-122.41934,37.775234,66900,1487
L, 1400,-122.41934,37.775234,66900,1487
L, 1430,-122.435289,37.762683,67140,1424
L, 1400,-122.435289,37.762683,67140,1424
L, 1430,-122.4658,37.740956,67620,1537
L, 1400,-122.4658,37.740956,67620,1517
L, 1400,-122.465846,37.740893,67680,1470
L, 1430,-122.465846,37.740893,67680,1476
L, 1400,-122.478791,37.742967,67980,1559
L, 1430,-122.478791,37.742967,67980,1571
L, 1400,-122.494218,37.742267,68280,1665
L, 1430,-122.494218,37.742267,68280,1658
L, 1400,-122.504351,37.736125,68700,1743
L, 1430,-122.504351,37.736125,68700,1750
L, 1545,-122.396431,37.793152,66960,1328
L, 1510,-122.396431,37.793152,66960,1328
L, 1545,-122.41934,37.775234,67320,1317
L, 1510,-122.41934,37.775234,67320,1317
L, 1510,-122.435289,37.762683,67560,1532
L, 1545,-122.435289,37.762683,67560,1532
L, 1545,-122.4658,37.740956,68040,1692
L, 1545,-122.465846,37.740893,68100,1633
L, 1545,-122.478791,37.742967,68400,1651
L, 1545,-122.494218,37.742267,68700,1645
L, 1545,-122.504351,37.736125,69120,1691
L, 1509,-122.396431,37.793152,67440,654
L, 1401,-122.396431,37.793152,67440,654
L, 1401,-122.41934,37.775234,67800,657
L, 1509,-122.41934,37.775234,67800,657
L, 1401,-122.435289,37.762683,68040,586
L, 1509,-122.435289,37.762683,68040,586
L, 1401,-122.4658,37.740956,68520,771
L, 1509,-122.4658,37.740956,68520,771
L, 1510,-122.465846,37.740893,68580,1148
L, 1401,-122.465846,37.740893,68580,711
L, 1509,-122.478791,37.742967,68880,756
L, 1510,-122.478791,37.742967,68880,1174
L, 1401,-122.494218,37.742267,69180,847
L, 1510,-122.494218,37.742267,69180,1165
L, 1401,-122.504351,37.736125,69600,898
L, 1510,-122.504351,37.736125,69600,1213
L, 1402,-122.396431,37.793152,67860,-1491
L, 1423,-122.396431,37.793152,67860,-1491
L, 1402,-122.41934,37.775234,68220,-1434
L, 1423,-122.41934,37.775234,68220,-1434
L, 1423,-122.435289,37.762683,68460,-1498
L, 1402,-122.435289,37.762683,68460,-1498
L, 1402,-122.4658,37.740956,68940,-1443
L, 1423,-122.4658,37.740956,68940,-1460
L, 1402,-122.465846,37.740893,69000,-1501
L, 1423,-122.465846,37.740893,69000,-1507
L, 1423,-122.478791,37.742967,69300,-1375
L, 1402,-122.478791,37.742967,69300,-1340
L, 1423,-122.494218,37.742267,69600,-1315
L, 1402,-122.494218,37.742267,69600,-1304
L, 1423,-122.504351,37.736125,70020,-836
L, 1445,-122.396431,37.793152,68400,604
L, 1445,-122.41934,37.775234,68760,645
L, 1445,-122.435289,37.762683,69000,619
L, 1445,-122.4658,37.740956,69480,639
L, 1445,-122.465846,37.740893,69540,591
L, 1445,-122.478791,37.742967,69840,583
L, 1445,-122.494218,37.742267,70140,623
L, 1445,-122.504351,37.736125,70560,642
L, 1504,-122.478791,37.742967,73320,-775
L, 1504,-122.494218,37.742267,73620,-746
L, 1504,-122.504351,37.736125,73980,-672
L, 1402,-122.396431,37.793152,73560,79
L, 1423,-122.396431,37.793152,73560,79
L, 1423,-122.41934,37.775234,73920,99
L, 1402,-122.41934,37.775234,73920,99
L, 1402,-122.435289,37.762683,74160,35
L, 1423,-122.435289,37.762683,74160,35
L, 1423,-122.4658,37.740956,74640,88
L, 1402,-122.4658,37.740956,74640,78
L, 1423,-122.465846,37.740893,74700,30
L, 1402,-122.465846,37.740893,74700,19
L, 1402,-122.478791,37.742967,75000,44
L, 1423,-122.478791,37.742967,75000,67
L, 1423,-122.494218,37.742267,75300,139
L, 1402,-122.494218,37.742267,75300,127
L, 1423,-122.504351,37.736125,75660,205
L, 1402,-122.504351,37.736125,75660,194
L, 1493,-122.4658,37.740956,77340,169
L, 1493,-122.465846,37.740893,77400,109
L, 1493,-122.478791,37.742967,77700,113
L, 1493,-122.494218,37.742267,78000,117
L, 1493,-122.504351,37.736125,78360,144
L, 1504,-122.396431,37.793152,77280,-64
L, 1504,-122.41934,37.775234,77640,31
L, 1504,-122.435289,37.762683,77880,-8
L, 1504,-122.4658,37.740956,78360,47
L, 1504,-122.465846,37.740893,78420,-6
L, 1504,-122.478791,37.742967,78720,0
L, 1504,-122.494218,37.742267,79020,57
L, 1504,-122.504351,37.736125,79380,128
L, 1402,-122.396431,37.793152,79380,-154
L, 1423,-122.396431,37.793152,79380,-154
L, 1402,-122.41934,37.775234,79740,-179
L, 1423,-122.41934,37.775234,79740,-179
L, 1423,-122.435289,37.762683,79980,-252
L, 1402,-122.435289,37.762683,79980,-247
L, 1423,-122.4658,37.740956,80460,-231
L, 1402,-122.4658,37.740956,80460,-231
L, 1423,-122.465846,37.740893,80520,-291
L, 1402,-122.465846,37.740893,80520,-291
L, 1423,-122.478791,37.742967,80820,-265
L, 1402,-122.478791,37.742967,80820,-268
L, 1423,-122.494218,37.742267,81120,-279
L, 1402,-122.494218,37.742267,81120,-265
L, 1402,-122.504351,37.736125,81480,-221
L, 1423,-122.504351,37.736125,81480,-230
L, 1493,-122.396431,37.793152,81780,-69
L, 1493,-122.41934,37.775234,82140,-92
L, 1493,-122.435289,37.762683,82380,-136
L, 1493,-122.4658,37.740956,82860,-154
L, 1493,-122.465846,37.740893,82920,-211
L, 1493,-122.478791,37.742967,83220,-199
L, 1493,-122.494218,37.742267,83520,-160
L, 1493,-122.504351,37.736125,83880,-102
L, 1504,-122.396431,37.793152,82980,237
L, 1504,-122.41934,37.775234,83340,266
L, 1504,-122.435289,37.762683,83580,225
L, 1504,-122.4658,37.740956,84060,357
L, 1504,-122.465846,37.740893,84120,299
L, 1504,-122.478791,37.742967,84420,284
L, 1504,-122.494218,37.742267,84720,328
L, 1504,-122.504351,37.736125,85080,349
L, 1545,-122.396431,37.793152,21300,255
L, 1510,-122.396431,37.793152,21300,255
L, 1510,-122.41934,37.775234,21660,304
L, 1545,-122.41934,37.775234,21660,304
L, 1545,-122.435289,37.762683,21900,246
L, 1510,-122.435289,37.762683,21900,246
L, 1510,-122.4658,37.740956,22380,311
L, 1545,-122.4658,37.740956,22380,312
L, 1510,-122.465846,37.740893,22440,252
L, 1545,-122.465846,37.740893,22440,254
L, 1545,-122.478791,37.742967,22740,204
L, 1510,-122.478791,37.742967,22740,205
L, 1545,-122.494218,37.742267,23040,176
L, 1510,-122.494218,37.742267,23040,192
L, 1510,-122.504351,37.736125,23400,216
L, 1545,-122.504351,37.736125,23400,216
L, 1535,-122.396431,37.793152,23100,46
L, 1535,-122.396431,37.793152,23100,66
L, 1535,-122.41934,37.775234,23460,78
L, 1472,-122.41934,37.775234,23460,78
L, 1535,-122.435289,37.762683,23700,11
L, 1472,-122.435289,37.762683,23700,11
L, 1472,-122.4658,37.740956,24180,30
L, 1535,-122.4658,37.740956,24180,-5
L, 1472,-122.465846,37.740893,24240,-28
L, 1535,-122.465846,37.740893,24240,-34
L, 1472,-122.478791,37.742967,24540,-29
L, 1535,-122.478791,37.742967,24540,-41
L, 1472,-122.494218,37.742267,24840,-48
L, 1535,-122.494218,37.742267,24840,-40
L, 1472,-122.504351,37.736125,25200,-53
L, 1535,-122.504351,37.736125,25200,-60
L, 1485,-122.465846,37.740893,15720,41
L, 1494,-122.465846,37.740893,15720,43
L, 1485,-122.478791,37.742967,16020,64
L, 1494,-122.478791,37.742967,16020,50
L, 1485,-122.494218,37.742267,16260,100
L, 1494,-122.494218,37.742267,16260,89
L, 1494,-122.504351,37.736125,16560,192
L, 1485,-122.504351,37.736125,16560,195
L, 1430,-122.465846,37.740893,16620,-81
L, 1400,-122.465846,37.740893,16620,-117
L, 1400,-122.478791,37.742967,16920,-129
L, 1430,-122.478791,37.742967,16920,-135
L, 1430,-122.494218,37.742267,17160,184
L, 1400,-122.494218,37.742267,17160,192
L, 1430,-122.504351,37.736125,17460,225
L, 1400,-122.504351,37.736125,17460,233
L, 1509,-122.465846,37.740893,17580,-51
L, 1401,-122.465846,37.740893,17580,-101
L, 1509,-122.478791,37.742967,17880,-131
L, 1401,-122.478791,37.742967,17880,-131
L, 1509,-122.494218,37.742267,18120,-142
L, 1401,-122.494218,37.742267,18120,-139
L, 1401,-122.504351,37.736125,18420,-78
L, 1509,-122.504351,37.736125,18420,-80
L, 1473,-122.465846,37.740893,23280,-21
L, 1473,-122.478791,37.742967,23580,-32
L, 1473,-122.494218,37.742267,23880,-63
L, 1473,-122.504351,37.736125,24240,-89
L, 1402,-122.465846,37.740893,52140,-30
L, 1423,-122.465846,37.740893,52140,-25
L, 1402,-122.478791,37.742967,52500,-52
L, 1423,-122.478791,37.742967,52500,-72
L, 1402,-122.494218,37.742267,52800,-6
L, 1423,-122.494218,37.742267,52800,-20
L, 1402,-122.504351,37.736125,53220,-73
L, 1423,-122.504351,37.736125,53220,-53
L, 1485,-122.465846,37.740893,53940,25
L, 1485,-122.478791,37.742967,54300,165
L, 1485,-122.494218,37.742267,54600,215
L, 1485,-122.504351,37.736125,55020,181
L, 1518,-122.465846,37.740893,19140,188
L, 1438,-122.465846,37.740893,19140,143
L, 1438,-122.478791,37.742967,19440,151
L, 1518,-122.478791,37.742967,19440,158
L, 1518,-122.494218,37.742267,19680,196
L, 1438,-122.494218,37.742267,19680,163
L, 1438,-122.504351,37.736125,19980,223
L, 1518,-122.504351,37.736125,19980,230
L, 1479,-122.465846,37.740893,25920,-46
L, 1420,-122.465846,37.740893,25920,-44
L, 1479,-122.478791,37.742967,26220,97
L, 1420,-122.478791,37.742967,26220,89
L, 1420,-122.494218,37.742267,26520,153
L, 1479,-122.494218,37.742267,26520,157
L, 1479,-122.504351,37.736125,26880,204
L, 1420,-122.504351,37.736125,26880,212
L, 1424,-122.465846,37.740893,26580,319
L, 1424,-122.478791,37.742967,26880,415
L, 1424,-122.494218,37.742267,27180,619
L, 1424,-122.504351,37.736125,27540,630
L, 1485,-122.396396,37.793143,19380,43
L, 1494,-122.396396,37.793143,19380,43
L, 1494,-122.419193,37.775069,18960,142
L, 1485,-122.419193,37.775069,18960,142
L, 1494,-122.435231,37.762576,18720,189
L, 1485,-122.435231,37.762576,18720,189
L, 1485,-122.465777,37.74092,18360,72
L, 1494,-122.465777,37.74092,18360,72
L, 1494,-122.478426,37.74289,17940,89
L, 1485,-122.478426,37.74289,17940,120
L, 1494,-122.494651,37.742179,17580,91
L, 1485,-122.494651,37.742179,17580,62
L, 1485,-122.504351,37.736125,17220,-6
L, 1494,-122.504351,37.736125,17220,7
L, 1430,-122.396396,37.793143,20460,-159
L, 1400,-122.396396,37.793143,20460,-159
L, 1400,-122.419193,37.775069,20040,-52
L, 1430,-122.419193,37.775069,20040,-52
L, 1400,-122.435231,37.762576,19800,0
L, 1430,-122.435231,37.762576,19800,0
L, 1430,-122.465777,37.74092,19440,-80
L, 1400,-122.465777,37.74092,19440,-85
L, 1430,-122.478426,37.74289,19020,-104
L, 1400,-122.478426,37.74289,19020,-83
L, 1400,-122.494651,37.742179,18660,-25
L, 1430,-122.494651,37.742179,18660,-38
L, 1430,-122.504351,37.736125,18300,-23
L, 1401,-122.396396,37.793143,21420,-19
L, 1509,-122.396396,37.793143,21420,-19
L, 1401,-122.419193,37.775069,21000,57
L, 1509,-122.419193,37.775069,21000,57
L, 1401,-122.435231,37.762576,20760,54
L, 1509,-122.435231,37.762576,20760,54
L, 1401,-122.465777,37.74092,20400,-39
L, 1509,-122.465777,37.74092,20400,-41
L, 1401,-122.478426,37.74289,19980,-65
L, 1509,-122.478426,37.74289,19980,-62
L, 1401,-122.494651,37.742179,19620,-9
L, 1509,-122.494651,37.742179,19620,-30
L, 1401,-122.504351,37.736125,19260,19
L, 1509,-122.504351,37.736125,19260,-1
L, 1427,-122.396396,37.793143,22380,647
L, 1437,-122.396396,37.793143,22380,647
L, 1427,-122.419193,37.775069,21960,543
L, 1437,-122.419193,37.775069,21960,543
L, 1437,-122.435231,37.762576,21720,510
L, 1427,-122.435231,37.762576,21720,510
L, 1427,-122.465777,37.74092,21360,22
L, 1437,-122.465777,37.74092,21360,25
L, 1437,-122.478426,37.74289,20940,88
L, 1427,-122.478426,37.74289,20940,101
L, 1427,-122.494651,37.742179,20580,100
L, 1437,-122.494651,37.742179,20580,139
L, 1437,-122.504351,37.736125,20220,127
L, 1427,-122.504351,37.736125,20220,111
L, 1438,-122.396396,37.793143,23220,129
L, 1518,-122.396396,37.793143,23220,129
L, 1438,-122.419193,37.775069,22800,207
L, 1518,-122.419193,37.775069,22800,207
L, 1518,-122.435231,37.762576,22560,169
L, 1438,-122.435231,37.762576,22560,169
L, 1438,-122.465777,37.74092,22200,68
L, 1518,-122.465777,37.74092,22200,64
L, 1438,-122.478426,37.74289,21780,-43
L, 1518,-122.478426,37.74289,21780,-22
L, 1438,-122.494651,37.742179,21420,-54
L, 1518,-122.494651,37.742179,21420,-49
L, 1438,-122.504351,37.736125,21060,-60
L, 1518,-122.504351,37.736125,21060,-22
L, 1517,-122.396396,37.793143,24060,289
L, 1513,-122.396396,37.793143,24060,289
L, 1513,-122.419193,37.775069,23640,323
L, 1517,-122.419193,37.775069,23640,323
L, 1513,-122.435231,37.762576,23400,115
L, 1517,-122.435231,37.762576,23400,115
L, 1517,-122.465777,37.74092,23040,-1
L, 1513,-122.465777,37.74092,23040,-4
L, 1517,-122.478426,37.74289,22620,-13
L, 1513,-122.478426,37.74289,22620,8
L, 1513,-122.494651,37.742179,22260,13
L, 1517,-122.494651,37.742179,22260,1
L, 1513,-122.504351,37.736125,21900,42
L, 1517,-122.504351,37.736125,21900,34
L, 1494,-122.396396,37.793143,24840,71
L, 1485,-122.396396,37.793143,24840,71
L, 1494,-122.419193,37.775069,24420,112
L, 1485,-122.419193,37.775069,24420,112
L, 1494,-122.435231,37.762576,24180,158
L, 1485,-122.435231,37.762576,24180,158
L, 1485,-122.465777,37.74092,23820,66
L, 1494,-122.465777,37.74092,23820,66
L, 1494,-122.478426,37.74289,23400,62
L, 1485,-122.478426,37.74289,23400,26
L, 1485,-122.494651,37.742179,23040,37
L, 1494,-122.494651,37.742179,23040,40
L, 1485,-122.504351,37.736125,22680,-9
L, 1494,-122.504351,37.736125,22680,-29
L, 1430,-122.396396,37.793143,25620,21
L, 1400,-122.396396,37.793143,25620,21
L, 1400,-122.419193,37.775069,25200,80
L, 1430,-122.419193,37.775069,25200,80
L, 1430,-122.435231,37.762576,24900,88
L, 1400,-122.435231,37.762576,24900,88
L, 1400,-122.465777,37.74092,24540,4
L, 1430,-122.465777,37.74092,24540,4
L, 1400,-122.478426,37.74289,24120,-43
L, 1430,-122.478426,37.74289,24120,-47
L, 1430,-122.494651,37.742179,23760,-6
L, 1400,-122.494651,37.742179,23760,-10
L, 1430,-122.504351,37.736125,23400,-30
L, 1400,-122.504351,37.736125,23400,-25
L, 1510,-122.396396,37.793143,26280,-120
L, 1545,-122.396396,37.793143,26280,-120
L, 1545,-122.419193,37.775069,25860,-41
L, 1510,-122.419193,37.775069,25860,-41
L, 1545,-122.435231,37.762576,25560,60
L, 1510,-122.435231,37.762576,25560,60
L, 1545,-122.465777,37.74092,25200,-40
L, 1510,-122.465777,37.74092,25200,-42
L, 1510,-122.478426,37.74289,24780,-18
L, 1545,-122.478426,37.74289,24780,-33
L, 1510,-122.494651,37.742179,24420,8
L, 1545,-122.494651,37.742179,24420,8
L, 1510,-122.504351,37.736125,24060,12
L, 1545,-122.504351,37.736125,24060,6
L, 1401,-122.396396,37.793143,26940,84
L, 1509,-122.396396,37.793143,26940,84
L, 1401,-122.419193,37.775069,26520,150
L, 1509,-122.419193,37.775069,26520,150
L, 1509,-122.435231,37.762576,26220,82
L, 1401,-122.435231,37.762576,26220,82
L, 1509,-122.465777,37.74092,25860,-10
L, 1401,-122.465777,37.74092,25860,-13
L, 1509,-122.478426,37.74289,25440,-10
L, 1401,-122.478426,37.74289,25440,-7
L, 1509,-122.494651,37.742179,25080,1
L, 1401,-122.494651,37.742179,25080,26
L, 1401,-122.504351,37.736125,24720,43
L, 1509,-122.504351,37.736125,24720,6
L, 1473,-122.396396,37.793143,27480,58
L, 1473,-122.419193,37.775069,27060,86
L, 1473,-122.435231,37.762576,26760,191
L, 1473,-122.465777,37.74092,26400,62
L, 1473,-122.478426,37.74289,25980,-40
L, 1473,-122.494651,37.742179,25620,-92
L, 1473,-122.504351,37.736125,25260,-40
L, 1427,-122.396396,37.793143,27900,387
L, 1437,-122.396396,37.793143,27900,387
L, 1437,-122.419193,37.775069,27480,463
L, 1427,-122.419193,37.775069,27480,463
L, 1427,-122.435231,37.762576,27180,554
L, 1437,-122.435231,37.762576,27180,554
L, 1437,-122.465777,37.74092,26820,460
L, 1427,-122.465777,37.74092,26820,471
L, 1437,-122.478426,37.74289,26400,485
L, 1427,-122.478426,37.74289,26400,497
L, 1427,-122.494651,37.742179,26040,465
L, 1437,-122.494651,37.742179,26040,481
L, 1437,-122.504351,37.736125,25680,441
L, 1427,-122.504351,37.736125,25680,441
L, 1535,-122.396396,37.793143,28380,-282
L, 1472,-122.396396,37.793143,28380,-282
L, 1535,-122.419193,37.775069,27960,-238
L, 1472,-122.419193,37.775069,27960,-238
L, 1535,-122.435231,37.762576,27660,-159
L, 1472,-122.435231,37.762576,27660,-159
L, 1472,-122.465777,37.74092,27300,-273
L, 1535,-122.465777,37.74092,27300,-291
L, 1472,-122.478426,37.74289,26880,-303
L, 1535,-122.478426,37.74289,26880,-332
L, 1535,-122.494651,37.742179,26520,-299
L, 1472,-122.494651,37.742179,26520,-293
L, 1472,-122.504351,37.736125,26160,-264
L, 1535,-122.504351,37.736125,26160,-267
L, 1438,-122.396396,37.793143,28860,105
L, 1518,-122.396396,37.793143,28860,105
L, 1518,-122.419193,37.775069,28440,152
L, 1438,-122.419193,37.775069,28440,152
L, 1518,-122.435231,37.762576,28140,175
L, 1438,-122.435231,37.762576,28140,175
L, 1438,-122.465777,37.74092,27780,35
L, 1518,-122.465777,37.74092,27780,35
L, 1438,-122.478426,37.74289,27360,0
L, 1518,-122.478426,37.74289,27360,-40
L, 1438,-122.494651,37.742179,27000,-92
L, 1518,-122.494651,37.742179,27000,-124
L, 1518,-122.504351,37.736125,26640,-62
L, 1438,-122.504351,37.736125,26640,-90
L, 1517,-122.396396,37.793143,29340,366
L, 1513,-122.396396,37.793143,29340,366
L, 1517,-122.419193,37.775069,28920,344
L, 1513,-122.419193,37.775069,28920,344
L, 1517,-122.435231,37.762576,28620,369
L, 1513,-122.435231,37.762576,28620,369
L, 1517,-122.465777,37.74092,28260,254
L, 1513,-122.465777,37.74092,28260,259
L, 1513,-122.478426,37.74289,27840,145
L, 1517,-122.478426,37.74289,27840,168
L, 1513,-122.494651,37.742179,27480,85
L, 1517,-122.494651,37.742179,27480,93
L, 1517,-122.504351,37.736125,27120,7
L, 1513,-122.504351,37.736125,27120,5
L, 1479,-122.396396,37.793143,29760,235
L, 1420,-122.396396,37.793143,29760,235
L, 1479,-122.419193,37.775069,29340,185
L, 1420,-122.419193,37.775069,29340,185
L, 1479,-122.435231,37.762576,29040,264
L, 1420,-122.435231,37.762576,29040,264
L, 1479,-122.465777,37.74092,28680,145
L, 1420,-122.465777,37.74092,28680,145
L, 1420,-122.478426,37.74289,28260,128
L, 1479,-122.478426,37.74289,28260,127
L, 1479,-122.494651,37.742179,27900,131
L, 1420,-122.494651,37.742179,27900,110
L, 1420,-122.504351,37.736125,27540,36
L, 1479,-122.504351,37.736125,27540,37
L, 1494,-122.478426,37.74289,28800,407
L, 1485,-122.478426,37.74289,28800,435
L, 1485,-122.494651,37.742179,28440,402
L, 1494,-122.494651,37.742179,28440,369
L, 1485,-122.504351,37.736125,28080,346
L, 1494,-122.504351,37.736125,28080,356
L, 1424,-122.396396,37.793143,30780,456
L, 1424,-122.419193,37.775069,30360,422
L, 1424,-122.435231,37.762576,30060,458
L, 1424,-122.465777,37.74092,29700,289
L, 1424,-122.478426,37.74289,29280,229
L, 1424,-122.494651,37.742179,28920,229
L, 1424,-122.504351,37.736125,28560,139
L, 1400,-122.396396,37.793143,31260,329
L, 1430,-122.396396,37.793143,31260,329
L, 1430,-122.419193,37.775069,30840,375
L, 1400,-122.419193,37.775069,30840,375
L, 1400,-122.435231,37.762576,30540,402
L, 1430,-122.435231,37.762576,30540,402
L, 1400,-122.465777,37.74092,30180,284
L, 1430,-122.465777,37.74092,30180,285
L, 1430,-122.478426,37.74289,29760,140
L, 1400,-122.478426,37.74289,29760,141
L, 1430,-122.494651,37.742179,29400,71
L, 1400,-122.494651,37.742179,29400,129
L, 1400,-122.504351,37.736125,29040,51
L, 1430,-122.504351,37.736125,29040,49
L, 1510,-122.396396,37.793143,31740,230
L, 1545,-122.396396,37.793143,31740,230
L, 1510,-122.419193,37.775069,31320,235
L, 1545,-122.419193,37.775069,31320,235
L, 1510,-122.435231,37.762576,31020,311
L, 1545,-122.435231,37.762576,31020,311
L, 1545,-122.465777,37.74092,30660,199
L, 1510,-122.465777,37.74092,30660,199
L, 1510,-122.478426,37.74289,30240,158
L, 1545,-122.478426,37.74289,30240,145
L, 1510,-122.494651,37.742179,29880,110
L, 1545,-122.494651,37.742179,29880,99
L, 1510,-122.504351,37.736125,29520,22
L, 1545,-122.504351,37.736125,29520,47
L, 1401,-122.396396,37.793143,32160,87
L, 1509,-122.396396,37.793143,32160,87
L, 1401,-122.419193,37.775069,31740,81
L, 1509,-122.419193,37.775069,31740,81
L, 1401,-122.435231,37.762576,31440,147
L, 1509,-122.435231,37.762576,31440,147
L, 1509,-122.465777,37.74092,31080,-38
L, 1401,-122.465777,37.74092,31080,-42
L, 1401,-122.478426,37.74289,30660,-50
L, 1509,-122.478426,37.74289,30660,-56
L, 1401,-122.494651,37.742179,30300,-13
L, 1509,-122.494651,37.742179,30300,-39
L, 1509,-122.504351,37.736125,29940,-3
L, 1401,-122.504351,37.736125,29940,-27
L, 1473,-122.396396,37.793143,32700,155
L, 1473,-122.419193,37.775069,32280,153
L, 1473,-122.435231,37.762576,31980,167
L, 1473,-122.465777,37.74092,31620,65
L, 1473,-122.478426,37.74289,31200,38
L, 1473,-122.494651,37.742179,30840,38
L, 1473,-122.504351,37.736125,30480,-73
L, 1437,-122.396396,37.793143,33180,49
L, 1427,-122.396396,37.793143,33180,35
L, 1427,-122.419193,37.775069,32760,31
L, 1437,-122.419193,37.775069,32760,31
L, 1437,-122.435231,37.762576,32460,115
L, 1427,-122.435231,37.762576,32460,115
L, 1427,-122.465777,37.74092,32100,-38
L, 1437,-122.465777,37.74092,32100,-4
L, 1437,-122.478426,37.74289,31680,21
L, 1427,-122.478426,37.74289,31680,12
L, 1437,-122.494651,37.742179,31320,8
L, 1427,-122.494651,37.742179,31320,-6
L, 1427,-122.504351,37.736125,30960,-24
L, 1437,-122.504351,37.736125,30960,92
L, 1472,-122.396396,37.793143,33660,362
L, 1535,-122.396396,37.793143,33660,362
L, 1535,-122.419193,37.775069,33240,204
L, 1472,-122.419193,37.775069,33240,204
L, 1472,-122.435231,37.762576,32940,219
L, 1535,-122.435231,37.762576,32940,219
L, 1535,-122.465777,37.74092,32580,70
L, 1472,-122.465777,37.74092,32580,69
L, 1472,-122.478426,37.74289,32160,36
L, 1535,-122.478426,37.74289,32160,62
L, 1535,-122.494651,37.742179,31800,59
L, 1472,-122.494651,37.742179,31800,31
L, 1535,-122.504351,37.736125,31440,-25
L, 1472,-122.504351,37.736125,31440,-37
L, 1438,-122.396396,37.793143,34200,142
L, 1518,-122.396396,37.793143,34200,142
L, 1438,-122.419193,37.775069,33780,143
L, 1518,-122.419193,37.775069,33780,143
L, 1518,-122.435231,37.762576,33480,166
L, 1438,-122.435231,37.762576,33480,166
L, 1438,-122.465777,37.74092,33120,75
L, 1518,-122.465777,37.74092,33120,75
L, 1518,-122.478426,37.74289,32700,65
L, 1438,-122.478426,37.74289,32700,75
L, 1438,-122.494651,37.742179,32340,9
L, 1518,-122.494651,37.742179,32340,29
L, 1438,-122.504351,37.736125,31980,-41
L, 1518,-122.504351,37.736125,31980,18
L, 1513,-122.396396,37.793143,34740,222
L, 1517,-122.396396,37.793143,34740,222
L, 1513,-122.419193,37.775069,34320,293
L, 1517,-122.419193,37.775069,34320,293
L, 1513,-122.435231,37.762576,34020,391
L, 1517,-122.435231,37.762576,34020,391
L, 1517,-122.465777,37.74092,33660,296
L, 1513,-122.465777,37.74092,33660,296
L, 1517,-122.478426,37.74289,33240,230
L, 1513,-122.478426,37.74289,33240,242
L, 1513,-122.494651,37.742179,32880,156
L, 1517,-122.494651,37.742179,32880,170
L, 1513,-122.504351,37.736125,32520,85
L, 1517,-122.504351,37.736125,32520,80
L, 1424,-122.396396,37.793143,36540,267
L, 1424,-122.419193,37.775069,36120,310
L, 1424,-122.435231,37.762576,35820,408
L, 1424,-122.465777,37.74092,35460,312
L, 1424,-122.478426,37.74289,35040,208
L, 1424,-122.494651,37.742179,34680,201
L, 1424,-122.504351,37.736125,34320,181
L, 1400,-122.396396,37.793143,37140,419
L, 1430,-122.396396,37.793143,37140,419
L, 1400,-122.419193,37.775069,36720,262
L, 1430,-122.419193,37.775069,36720,262
L, 1430,-122.435231,37.762576,36420,313
L, 1400,-122.435231,37.762576,36420,313
L, 1430,-122.465777,37.74092,36060,219
L, 1400,-122.465777,37.74092,36060,231
L, 1430,-122.478426,37.74289,35640,171
L, 1400,-122.478426,37.74289,35640,162
L, 1430,-122.494651,37.742179,35280,121
L, 1400,-122.494651,37.742179,35280,105
L, 1430,-122.504351,37.736125,34920,71
L, 1400,-122.504351,37.736125,34920,67
L, 1545,-122.396396,37.793143,37740,223
L, 1510,-122.396396,37.793143,37740,223
L, 1545,-122.419193,37.775069,37320,300
L, 1510,-122.419193,37.775069,37320,300
L, 1545,-122.435231,37.762576,37020,267
L, 1510,-122.435231,37.762576,37020,267
L, 1545,-122.465777,37.74092,36660,172
L, 1510,-122.465777,37.74092,36660,168
L, 1545,-122.478426,37.74289,36240,109
L, 1510,-122.478426,37.74289,36240,122
L, 1510,-122.494651,37.742179,35880,52
L, 1545,-122.494651,37.742179,35880,87
L, 1510,-122.504351,37.736125,35520,24
L, 1545,-122.504351,37.736125,35520,7
L, 1509,-122.396396,37.793143,38340,424
L, 1401,-122.396396,37.793143,38340,424
L, 1509,-122.419193,37.775069,37920,301
L, 1401,-122.419193,37.775069,37920,301
L, 1509,-122.435231,37.762576,37620,124
L, 1401,-122.435231,37.762576,37620,124
L, 1401,-122.465777,37.74092,37260,23
L, 1509,-122.465777,37.74092,37260,23
L, 1509,-122.478426,37.74289,36840,61
L, 1401,-122.478426,37.74289,36840,40
L, 1509,-122.494651,37.742179,36480,29
L, 1401,-122.494651,37.742179,36480,35
L, 1401,-122.504351,37.736125,36120,-5
L, 1509,-122.504351,37.736125,36120,-33
L, 1427,-122.396396,37.793143,38940,493
L, 1437,-122.396396,37.793143,38940,493
L, 1437,-122.419193,37.775069,38520,558
L, 1427,-122.419193,37.775069,38520,558
L, 1427,-122.435231,37.762576,38220,507
L, 1437,-122.435231,37.762576,38220,507
L, 1437,-122.465777,37.74092,37860,83
L, 1427,-122.465777,37.74092,37860,76
L, 1427,-122.478426,37.74289,37440,82
L, 1437,-122.478426,37.74289,37440,76
L, 1427,-122.494651,37.742179,37080,102
L, 1437,-122.494651,37.742179,37080,75
L, 1437,-122.504351,37.736125,36720,55
L, 1427,-122.504351,37.736125,36720,73
L, 1535,-122.396396,37.793143,39540,205
L, 1472,-122.396396,37.793143,39540,205
L, 1472,-122.419193,37.775069,39120,100
L, 1535,-122.419193,37.775069,39120,100
L, 1535,-122.435231,37.762576,38820,100
L, 1472,-122.435231,37.762576,38820,100
L, 1535,-122.465777,37.74092,38460,-24
L, 1472,-122.465777,37.74092,38460,-4
L, 1535,-122.478426,37.74289,38040,-77
L, 1472,-122.478426,37.74289,38040,-65
L, 1535,-122.494651,37.742179,37680,-69
L, 1472,-122.494651,37.742179,37680,-57
L, 1535,-122.504351,37.736125,37320,-49
L, 1472,-122.504351,37.736125,37320,10
L, 1518,-122.396396,37.793143,40140,-29
L, 1438,-122.396396,37.793143,40140,-29
L, 1438,-122.419193,37.775069,39720,54
L, 1518,-122.419193,37.775069,39720,54
L, 1518,-122.435231,37.762576,39420,160
L, 1438,-122.435231,37.762576,39420,160
L, 1518,-122.465777,37.74092,39060,45
L, 1438,-122.465777,37.74092,39060,51
L, 1438,-122.478426,37.74289,38640,75
L, 1518,-122.478426,37.74289,38640,67
L, 1438,-122.494651,37.742179,38280,84
L, 1518,-122.494651,37.742179,38280,80
L, 1518,-122.504351,37.736125,37920,-5
L, 1438,-122.504351,37.736125,37920,49
L, 1513,-122.396396,37.793143,40740,173
L, 1513,-122.419193,37.775069,40320,268
L, 1513,-122.435231,37.762576,40020,382
L, 1513,-122.465777,37.74092,39660,244
L, 1517,-122.465777,37.74092,39660,280
L, 1513,-122.478426,37.74289,39240,157
L, 1517,-122.478426,37.74289,39240,165
L, 1513,-122.494651,37.742179,38880,100
L, 1517,-122.494651,37.742179,38880,90
L, 1517,-122.504351,37.736125,38520,70
L, 1513,-122.504351,37.736125,38520,68
L, 1501,-122.396396,37.793143,41340,524
L, 1501,-122.419193,37.775069,40920,541
L, 1501,-122.435231,37.762576,40620,597
L, 1516,-122.396396,37.793143,42540,427
L, 1516,-122.419193,37.775069,42120,448
L, 1516,-122.435231,37.762576,41820,575
L, 1400,-122.396396,37.793143,43140,-28
L, 1430,-122.396396,37.793143,43140,-28
L, 1400,-122.419193,37.775069,42720,59
L, 1430,-122.419193,37.775069,42720,59
L, 1430,-122.435231,37.762576,42420,93
L, 1400,-122.435231,37.762576,42420,93
L, 1400,-122.465777,37.74092,42060,-3
L, 1430,-122.465777,37.74092,42060,1
L, 1400,-122.478426,37.74289,41640,-4
L, 1430,-122.478426,37.74289,41640,-27
L, 1430,-122.494651,37.742179,41280,-3
L, 1400,-122.494651,37.742179,41280,26
L, 1430,-122.504351,37.736125,40920,-32
L, 1400,-122.504351,37.736125,40920,-4
L, 1545,-122.396396,37.793143,86940,-94
L, 1510,-122.396396,37.793143,86940,-94
L, 1510,-122.419193,37.775069,86520,-24
L, 1545,-122.419193,37.775069,86520,-24
L, 1545,-122.435231,37.762576,43020,0
L, 1510,-122.435231,37.762576,43020,0
L, 1545,-122.465777,37.74092,42660,-100
L, 1510,-122.465777,37.74092,42660,-102
L, 1545,-122.478426,37.74289,42240,-65
L, 1510,-122.478426,37.74289,42240,-32
L, 1545,-122.494651,37.742179,41880,-32
L, 1510,-122.494651,37.742179,41880,-44
L, 1545,-122.504351,37.736125,41520,-43
L, 1510,-122.504351,37.736125,41520,2
L, 1509,-122.465777,37.74092,86460,-43318
L, 1509,-122.478426,37.74289,42840,-73
L, 1509,-122.494651,37.742179,42480,-49
L, 1509,-122.504351,37.736125,42120,-45
L, 1427,-122.396396,37.793143,88140,154
L, 1437,-122.396396,37.793143,88140,154
L, 1427,-122.419193,37.775069,87720,224
L, 1437,-122.419193,37.775069,87720,224
L, 1427,-122.435231,37.762576,87420,189
L, 1437,-122.435231,37.762576,87420,189
L, 1427,-122.465777,37.74092,87060,70
L, 1437,-122.465777,37.74092,87060,85
L, 1427,-122.478426,37.74289,86640,-33
L, 1437,-122.478426,37.74289,86640,-13
L, 1427,-122.494651,37.742179,43080,-58
L, 1437,-122.494651,37.742179,43080,-42
L, 1437,-122.504351,37.736125,42720,-49
L, 1427,-122.504351,37.736125,42720,-45
L, 1535,-122.396396,37.793143,88740,-112
L, 1472,-122.396396,37.793143,88740,-112
L, 1472,-122.419193,37.775069,88320,-30
L, 1535,-122.419193,37.775069,88320,-30
L, 1472,-122.435231,37.762576,88020,73
L, 1535,-122.435231,37.762576,88020,73
L, 1472,-122.465777,37.74092,87660,-83
L, 1535,-122.465777,37.74092,87660,-57
L, 1472,-122.478426,37.74289,87240,-134
L, 1535,-122.478426,37.74289,87240,-129
L, 1535,-122.494651,37.742179,86880,-121
L, 1472,-122.494651,37.742179,86880,-146
L, 1472,-122.504351,37.736125,86520,-43363
L, 1535,-122.504351,37.736125,86520,-87
L, 1518,-122.396396,37.793143,89340,17
L, 1438,-122.396396,37.793143,89340,17
L, 1438,-122.419193,37.775069,88920,7
L, 1518,-122.419193,37.775069,88920,7
L, 1438,-122.435231,37.762576,88620,108
L, 1518,-122.435231,37.762576,88620,108
L, 1438,-122.465777,37.74092,88260,-2
L, 1518,-122.465777,37.74092,88260,-2
L, 1438,-122.478426,37.74289,87840,-2
L, 1518,-122.478426,37.74289,87840,-21
L, 1438,-122.494651,37.742179,87480,-42
L, 1518,-122.494651,37.742179,87480,-37
L, 1438,-122.504351,37.736125,87120,-60
L, 1518,-122.504351,37.736125,87120,-37
L, 1517,-122.396396,37.793143,89940,-43055
L, 1513,-122.396396,37.793143,89940,-43055
L, 1513,-122.419193,37.775069,89520,228
L, 1517,-122.419193,37.775069,89520,228
L, 1513,-122.435231,37.762576,89220,76
L, 1517,-122.435231,37.762576,89220,76
L, 1513,-122.465777,37.74092,88860,-78
L, 1517,-122.465777,37.74092,88860,-76
L, 1517,-122.478426,37.74289,88440,-39
L, 1513,-122.478426,37.74289,88440,-29
L, 1513,-122.494651,37.742179,88080,26
L, 1517,-122.494651,37.742179,88080,25
L, 1517,-122.504351,37.736125,87720,49
L, 1513,-122.504351,37.736125,87720,24
L, 1516,-122.396396,37.793143,48540,146
L, 1516,-122.419193,37.775069,48120,152
L, 1516,-122.435231,37.762576,47820,240
L, 1516,-122.465777,37.74092,47460,148
L, 1516,-122.478426,37.74289,47040,-12
L, 1516,-122.494651,37.742179,89880,-4
L, 1516,-122.504351,37.736125,89520,-13
L, 1430,-122.396396,37.793143,49140,369
L, 1400,-122.396396,37.793143,49140,369
L, 1430,-122.419193,37.775069,48720,446
L, 1400,-122.419193,37.775069,48720,446
L, 1430,-122.435231,37.762576,48420,439
L, 1400,-122.435231,37.762576,48420,439
L, 1400,-122.465777,37.74092,48060,325
L, 1430,-122.465777,37.74092,48060,317
L, 1430,-122.478426,37.74289,47640,212
L, 1400,-122.478426,37.74289,47640,212
L, 1430,-122.494651,37.742179,47280,115
L, 1400,-122.494651,37.742179,47280,90
L, 1400,-122.504351,37.736125,46920,77
L, 1430,-122.504351,37.736125,46920,88
L, 1510,-122.396396,37.793143,49740,-55
L, 1545,-122.396396,37.793143,49740,-55
L, 1545,-122.419193,37.775069,49320,32
L, 1510,-122.419193,37.775069,49320,32
L, 1510,-122.435231,37.762576,49020,119
L, 1545,-122.435231,37.762576,49020,119
L, 1510,-122.465777,37.74092,48660,25
L, 1545,-122.465777,37.74092,48660,23
L, 1510,-122.478426,37.74289,48240,52
L, 1545,-122.478426,37.74289,48240,48
L, 1510,-122.494651,37.742179,47880,-66
L, 1545,-122.494651,37.742179,47880,-48
L, 1545,-122.504351,37.736125,47520,-17
L, 1510,-122.504351,37.736125,47520,-12
L, 1401,-122.396396,37.793143,50340,-112
L, 1509,-122.396396,37.793143,50340,-112
L, 1401,-122.419193,37.775069,49920,-31
L, 1509,-122.419193,37.775069,49920,-31
L, 1401,-122.435231,37.762576,49620,64
L, 1509,-122.435231,37.762576,49620,64
L, 1509,-122.465777,37.74092,49260,-28
L, 1509,-122.478426,37.74289,48840,-26
L, 1509,-122.494651,37.742179,48480,-16
L, 1509,-122.504351,37.736125,48120,-7
L, 1427,-122.396396,37.793143,50940,-177
L, 1437,-122.396396,37.793143,50940,-177
L, 1427,-122.419193,37.775069,50520,-84
L, 1437,-122.419193,37.775069,50520,-84
L, 1427,-122.435231,37.762576,50220,23
L, 1437,-122.435231,37.762576,50220,23
L, 1437,-122.465777,37.74092,49860,-66
L, 1427,-122.465777,37.74092,49860,-65
L, 1437,-122.478426,37.74289,49440,-53
L, 1427,-122.478426,37.74289,49440,-60
L, 1437,-122.494651,37.742179,49080,-49
L, 1427,-122.494651,37.742179,49080,-33
L, 1437,-122.504351,37.736125,48720,-28
L, 1427,-122.504351,37.736125,48720,-25
L, 1472,-122.396396,37.793143,51540,455
L, 1535,-122.396396,37.793143,51540,455
L, 1535,-122.419193,37.775069,51120,475
L, 1472,-122.419193,37.775069,51120,475
L, 1535,-122.435231,37.762576,50820,536
L, 1472,-122.435231,37.762576,50820,536
L, 1535,-122.465777,37.74092,50460,424
L, 1472,-122.465777,37.74092,50460,424
L, 1472,-122.478426,37.74289,50040,303
L, 1535,-122.478426,37.74289,50040,294
L, 1472,-122.494651,37.742179,49680,250
L, 1535,-122.494651,37.742179,49680,245
L, 1535,-122.504351,37.736125,49320,196
L, 1472,-122.504351,37.736125,49320,182
L, 1438,-122.396396,37.793143,52140,145
L, 1518,-122.396396,37.793143,52140,145
L, 1438,-122.419193,37.775069,51720,208
L, 1518,-122.419193,37.775069,51720,208
L, 1438,-122.435231,37.762576,51420,207
L, 1518,-122.435231,37.762576,51420,207
L, 1518,-122.465777,37.74092,51060,67
L, 1438,-122.465777,37.74092,51060,77
L, 1518,-122.478426,37.74289,50640,9
L, 1438,-122.478426,37.74289,50640,30
L, 1438,-122.494651,37.742179,50280,23
L, 1518,-122.494651,37.742179,50280,-4
L, 1518,-122.504351,37.736125,49920,-4
L, 1438,-122.504351,37.736125,49920,-40
L, 1517,-122.396396,37.793143,52740,-7
L, 1513,-122.396396,37.793143,52740,-7
L, 1513,-122.419193,37.775069,52320,90
L, 1517,-122.419193,37.775069,52320,90
L, 1513,-122.435231,37.762576,52020,193
L, 1517,-122.435231,37.762576,52020,193
L, 1513,-122.465777,37.74092,51660,71
L, 1517,-122.465777,37.74092,51660,74
L, 1513,-122.478426,37.74289,51240,61
L, 1517,-122.478426,37.74289,51240,49
L, 1517,-122.494651,37.742179,50880,35
L, 1513,-122.494651,37.742179,50880,21
L, 1513,-122.504351,37.736125,50520,-29
L, 1517,-122.504351,37.736125,50520,-2
L, 1516,-122.396396,37.793143,54540,115
L, 1516,-122.419193,37.775069,54120,176
L, 1516,-122.435231,37.762576,53820,302
L, 1516,-122.465777,37.74092,53460,196
L, 1516,-122.478426,37.74289,53040,91
L, 1516,-122.494651,37.742179,52680,19
L, 1516,-122.504351,37.736125,52320,-5
L, 1430,-122.396396,37.793143,55140,302
L, 1400,-122.396396,37.793143,55140,302
L, 1400,-122.419193,37.775069,54720,378
L, 1430,-122.419193,37.775069,54720,378
L, 1400,-122.435231,37.762576,54420,299
L, 1430,-122.435231,37.762576,54420,299
L, 1400,-122.465777,37.74092,54060,187
L, 1430,-122.465777,37.74092,54060,187
L, 1400,-122.478426,37.74289,53640,90
L, 1430,-122.478426,37.74289,53640,95
L, 1400,-122.494651,37.742179,53280,46
L, 1430,-122.494651,37.742179,53280,25
L, 1430,-122.504351,37.736125,52920,28
L, 1400,-122.504351,37.736125,52920,25
L, 1510,-122.396396,37.793143,55740,626
L, 1545,-122.396396,37.793143,55740,626
L, 1510,-122.419193,37.775069,55320,677
L, 1545,-122.419193,37.775069,55320,677
L, 1510,-122.435231,37.762576,55020,292
L, 1545,-122.435231,37.762576,55020,292
L, 1510,-122.465777,37.74092,54660,104
L, 1545,-122.465777,37.74092,54660,114
L, 1510,-122.478426,37.74289,54240,-70
L, 1545,-122.478426,37.74289,54240,-80
L, 1510,-122.494651,37.742179,53880,-57
L, 1545,-122.494651,37.742179,53880,-56
L, 1545,-122.504351,37.736125,53520,-76
L, 1510,-122.504351,37.736125,53520,-74
L, 1509,-122.396396,37.793143,56280,276
L, 1401,-122.396396,37.793143,56280,276
L, 1401,-122.419193,37.775069,55860,345
L, 1509,-122.419193,37.775069,55860,345
L, 1509,-122.435231,37.762576,55560,226
L, 1401,-122.435231,37.762576,55560,226
L, 1509,-122.465777,37.74092,55200,122
L, 1401,-122.465777,37.74092,55200,116
L, 1509,-122.478426,37.74289,54780,52
L, 1401,-122.478426,37.74289,54780,42
L, 1401,-122.494651,37.742179,54420,-6
L, 1509,-122.494651,37.742179,54420,-13
L, 1509,-122.504351,37.736125,54060,-6
L, 1401,-122.504351,37.736125,54060,-21
L, 1423,-122.396396,37.793143,56760,25
L, 1402,-122.396396,37.793143,56760,25
L, 1402,-122.419193,37.775069,56340,-7
L, 1423,-122.419193,37.775069,56340,-7
L, 1423,-122.435231,37.762576,56040,70
L, 1402,-122.435231,37.762576,56040,70
L, 1402,-122.465777,37.74092,55680,-83
L, 1423,-122.465777,37.74092,55680,-88
L, 1402,-122.478426,37.74289,55260,-95
L, 1423,-122.478426,37.74289,55260,-122
L, 1402,-122.494651,37.742179,54900,-95
L, 1423,-122.494651,37.742179,54900,-159
L, 1402,-122.504351,37.736125,54540,-56
L, 1423,-122.504351,37.736125,54540,-85
L, 1445,-122.396396,37.793143,57240,224
L, 1445,-122.419193,37.775069,56820,168
L, 1445,-122.435231,37.762576,56520,117
L, 1445,-122.465777,37.74092,56160,37
L, 1445,-122.478426,37.74289,55740,-13
L, 1445,-122.494651,37.742179,55380,21
L, 1445,-122.504351,37.736125,55020,27
L, 1535,-122.396396,37.793143,57660,465
L, 1472,-122.396396,37.793143,57660,465
L, 1535,-122.419193,37.775069,57240,501
L, 1472,-122.419193,37.775069,57240,501
L, 1472,-122.435231,37.762576,56940,257
L, 1535,-122.435231,37.762576,56940,257
L, 1535,-122.465777,37.74092,56580,25
L, 1472,-122.465777,37.74092,56580,22
L, 1472,-122.478426,37.74289,56160,-29
L, 1535,-122.478426,37.74289,56160,-29
L, 1472,-122.494651,37.742179,55800,-29
L, 1535,-122.494651,37.742179,55800,-19
L, 1535,-122.504351,37.736125,55440,-9
L, 1472,-122.504351,37.736125,55440,-17
L, 1518,-122.396396,37.793143,58140,61
L, 1438,-122.396396,37.793143,58140,61
L, 1438,-122.419193,37.775069,57720,91
L, 1518,-122.419193,37.775069,57720,91
L, 1438,-122.435231,37.762576,57420,65
L, 1518,-122.435231,37.762576,57420,65
L, 1518,-122.465777,37.74092,57060,-99
L, 1438,-122.465777,37.74092,57060,-95
L, 1518,-122.478426,37.74289,56640,-103
L, 1438,-122.478426,37.74289,56640,-119
L, 1518,-122.494651,37.742179,56280,-103
L, 1438,-122.494651,37.742179,56280,-108
L, 1438,-122.504351,37.736125,55920,-35
L, 1518,-122.504351,37.736125,55920,-13
L, 1485,-122.396396,37.793143,58620,107
L, 1485,-122.419193,37.775069,58200,188
L, 1485,-122.435231,37.762576,57900,193
L, 1485,-122.465777,37.74092,57540,32
L, 1485,-122.478426,37.74289,57120,65
L, 1485,-122.494651,37.742179,56760,73
L, 1485,-122.504351,37.736125,56400,61
L, 1517,-122.396396,37.793143,59040,1242
L, 1513,-122.396396,37.793143,59040,1242
L, 1517,-122.419193,37.775069,58620,121
L, 1513,-122.419193,37.775069,58620,121
L, 1513,-122.435231,37.762576,58320,174
L, 1517,-122.435231,37.762576,58320,174
L, 1513,-122.465777,37.74092,57960,18
L, 1517,-122.465777,37.74092,57960,12
L, 1517,-122.478426,37.74289,57540,36
L, 1513,-122.478426,37.74289,57540,56
L, 1517,-122.494651,37.742179,57180,12
L, 1513,-122.494651,37.742179,57180,34
L, 1517,-122.504351,37.736125,56820,6
L, 1513,-122.504351,37.736125,56820,25
L, 1501,-122.396396,37.793143,59460,1304
L, 1501,-122.419193,37.775069,59040,834
L, 1501,-122.435231,37.762576,58740,146
L, 1501,-122.465777,37.74092,58380,-24
L, 1501,-122.478426,37.74289,57960,-74
L, 1501,-122.494651,37.742179,57600,-22
L, 1501,-122.504351,37.736125,57240,25
L, 1508,-122.396396,37.793143,59940,1413
L, 1508,-122.419193,37.775069,59520,1395
L, 1508,-122.435231,37.762576,59220,956
L, 1508,-122.465777,37.74092,58860,-2
L, 1508,-122.478426,37.74289,58440,-16
L, 1508,-122.494651,37.742179,58080,13
L, 1508,-122.504351,37.736125,57720,-16
L, 1516,-122.396396,37.793143,60360,1033
L, 1516,-122.419193,37.775069,59940,1088
L, 1516,-122.435231,37.762576,59640,816
L, 1516,-122.465777,37.74092,59280,-88
L, 1516,-122.478426,37.74289,58860,-99
L, 1516,-122.494651,37.742179,58500,-23
L, 1516,-122.504351,37.736125,58140,19
L, 1430,-122.478426,37.74289,59340,50
L, 1400,-122.478426,37.74289,59340,51
L, 1430,-122.494651,37.742179,58980,103
L, 1400,-122.494651,37.742179,58980,73
L, 1400,-122.504351,37.736125,58620,-1
L, 1430,-122.504351,37.736125,58620,23
L, 1545,-122.396396,37.793143,61260,337
L, 1510,-122.396396,37.793143,61260,337
L, 1510,-122.419193,37.775069,60840,425
L, 1545,-122.419193,37.775069,60840,425
L, 1545,-122.435231,37.762576,60540,381
L, 1510,-122.435231,37.762576,60540,381
L, 1545,-122.465777,37.74092,60180,-362
L, 1510,-122.465777,37.74092,60180,-331
L, 1510,-122.478426,37.74289,59760,-485
L, 1545,-122.478426,37.74289,59760,-467
L, 1545,-122.494651,37.742179,59400,-242
L, 1510,-122.494651,37.742179,59400,-223
L, 1545,-122.504351,37.736125,59040,118
L, 1510,-122.504351,37.736125,59040,137
L, 1401,-122.396396,37.793143,61740,994
L, 1509,-122.396396,37.793143,61740,994
L, 1509,-122.419193,37.775069,61320,305
L, 1401,-122.419193,37.775069,61320,305
L, 1509,-122.435231,37.762576,61020,250
L, 1401,-122.435231,37.762576,61020,250
L, 1401,-122.465777,37.74092,60660,-40
L, 1509,-122.465777,37.74092,60660,-35
L, 1509,-122.478426,37.74289,60240,-43
L, 1401,-122.478426,37.74289,60240,-41
L, 1401,-122.494651,37.742179,59880,-6
L, 1509,-122.494651,37.742179,59880,1
L, 1509,-122.504351,37.736125,59520,17
L, 1401,-122.504351,37.736125,59520,19
L, 1402,-122.478426,37.74289,60660,-172
L, 1423,-122.478426,37.74289,60660,-156
L, 1402,-122.494651,37.742179,60300,-93
L, 1423,-122.494651,37.742179,60300,-77
L, 1423,-122.504351,37.736125,59940,-77
L, 1402,-122.504351,37.736125,59940,-93
L, 1445,-122.396396,37.793143,62640,359
L, 1445,-122.419193,37.775069,62220,-130
L, 1445,-122.435231,37.762576,61920,-4
L, 1445,-122.465777,37.74092,61560,-93
L, 1445,-122.478426,37.74289,61140,-99
L, 1445,-122.494651,37.742179,60780,-75
L, 1445,-122.504351,37.736125,60420,-9
L, 1472,-122.396396,37.793143,63060,530
L, 1535,-122.396396,37.793143,63060,530
L, 1535,-122.419193,37.775069,62640,356
L, 1472,-122.419193,37.775069,62640,356
L, 1535,-122.435231,37.762576,62340,460
L, 1472,-122.435231,37.762576,62340,460
L, 1472,-122.465777,37.74092,61980,361
L, 1535,-122.465777,37.74092,61980,342
L, 1472,-122.478426,37.74289,61560,209
L, 1535,-122.478426,37.74289,61560,190
L, 1472,-122.494651,37.742179,61200,144
L, 1535,-122.494651,37.742179,61200,110
L, 1535,-122.504351,37.736125,60840,86
L, 1472,-122.504351,37.736125,60840,112
L, 1438,-122.396396,37.793143,63480,406
L, 1518,-122.396396,37.793143,63480,406
L, 1438,-122.419193,37.775069,63060,456
L, 1518,-122.419193,37.775069,63060,456
L, 1518,-122.435231,37.762576,62760,407
L, 1438,-122.435231,37.762576,62760,407
L, 1518,-122.465777,37.74092,62400,286
L, 1438,-122.465777,37.74092,62400,286
L, 1518,-122.478426,37.74289,61980,304
L, 1438,-122.478426,37.74289,61980,336
L, 1518,-122.494651,37.742179,61620,305
L, 1438,-122.494651,37.742179,61620,306
L, 1518,-122.504351,37.736125,61260,385
L, 1438,-122.504351,37.736125,61260,365
L, 1485,-122.419193,37.775069,63540,861
L, 1485,-122.435231,37.762576,63240,960
L, 1485,-122.465777,37.74092,62880,850
L, 1485,-122.478426,37.74289,62460,821
L, 1485,-122.494651,37.742179,62100,808
L, 1485,-122.504351,37.736125,61740,811
L, 1517,-122.396396,37.793143,64440,1769
L, 1513,-122.396396,37.793143,64440,1769
L, 1517,-122.419193,37.775069,64020,1779
L, 1513,-122.419193,37.775069,64020,1779
L, 1517,-122.435231,37.762576,63720,1645
L, 1513,-122.435231,37.762576,63720,1645
L, 1517,-122.465777,37.74092,63360,1536
L, 1513,-122.465777,37.74092,63360,1522
L, 1460,-122.478426,37.74289,62940,-611
L, 1517,-122.478426,37.74289,62940,1579
L, 1460,-122.494651,37.742179,62580,-550
L, 1534,-122.494651,37.742179,62580,-267
L, 1460,-122.504351,37.736125,62220,-210
L, 1534,-122.504351,37.736125,62220,93
L, 1501,-122.396396,37.793143,64860,2421
L, 1501,-122.419193,37.775069,64440,2134
L, 1501,-122.435231,37.762576,64140,2101
L, 1501,-122.465777,37.74092,63780,1994
L, 1501,-122.478426,37.74289,63360,1893
L, 1501,-122.494651,37.742179,63000,1733
L, 1501,-122.504351,37.736125,62640,1701
L, 1508,-122.396396,37.793143,65280,207
L, 1508,-122.419193,37.775069,64860,246
L, 1508,-122.435231,37.762576,64560,84
L, 1508,-122.465777,37.74092,64200,12
L, 1508,-122.478426,37.74289,63780,-30
L, 1508,-122.494651,37.742179,63420,297
L, 1508,-122.504351,37.736125,63060,657
L, 1516,-122.478426,37.74289,64260,1219
L, 1516,-122.494651,37.742179,63900,1270
L, 1516,-122.504351,37.736125,63540,1304
L, 1510,-122.396396,37.793143,66660,1084
L, 1545,-122.396396,37.793143,66660,1084
L, 1510,-122.419193,37.775069,66240,778
L, 1545,-122.419193,37.775069,66240,778
L, 1545,-122.435231,37.762576,65940,888
L, 1510,-122.435231,37.762576,65940,888
L, 1545,-122.465777,37.74092,65580,788
L, 1510,-122.465777,37.74092,65580,782
L, 1545,-122.478426,37.74289,65160,717
L, 1510,-122.478426,37.74289,65160,716
L, 1545,-122.494651,37.742179,64800,732
L, 1510,-122.494651,37.742179,64800,700
L, 1545,-122.504351,37.736125,64440,801
L, 1510,-122.504351,37.736125,64440,778
L, 1509,-122.396396,37.793143,67140,503
L, 1401,-122.396396,37.793143,67140,503
L, 1509,-122.419193,37.775069,66720,117
L, 1401,-122.419193,37.775069,66720,117
L, 1509,-122.435231,37.762576,66420,213
L, 1401,-122.435231,37.762576,66420,213
L, 1401,-122.465777,37.74092,66060,139
L, 1509,-122.465777,37.74092,66060,121
L, 1401,-122.478426,37.74289,65640,-41
L, 1509,-122.478426,37.74289,65640,-41
L, 1401,-122.494651,37.742179,65280,96
L, 1509,-122.494651,37.742179,65280,29
L, 1401,-122.504351,37.736125,64920,456
L, 1509,-122.504351,37.736125,64920,389
L, 1402,-122.396396,37.793143,67560,-1717
L, 1430,-122.396396,37.793143,67560,-175
L, 1423,-122.419193,37.775069,67140,-1807
L, 1402,-122.419193,37.775069,67140,-1807
L, 1400,-122.435231,37.762576,66840,-486
L, 1430,-122.435231,37.762576,66840,-486
L, 1430,-122.465777,37.74092,66480,-583
L, 1400,-122.465777,37.74092,66480,-583
L, 1430,-122.478426,37.74289,66060,-632
L, 1400,-122.478426,37.74289,66060,-629
L, 1430,-122.494651,37.742179,65700,-272
L, 1400,-122.494651,37.742179,65700,-269
L, 1430,-122.504351,37.736125,65340,88
L, 1400,-122.504351,37.736125,65340,91
L, 1445,-122.396396,37.793143,68100,562
L, 1445,-122.419193,37.775069,67680,604
L, 1445,-122.435231,37.762576,67380,683
L, 1445,-122.465777,37.74092,67020,584
L, 1445,-122.478426,37.74289,66600,545
L, 1445,-122.494651,37.742179,66240,551
L, 1445,-122.504351,37.736125,65880,486
L, 1535,-122.465777,37.74092,67560,500
L, 1472,-122.465777,37.74092,67560,498
L, 1472,-122.478426,37.74289,67140,519
L, 1535,-122.478426,37.74289,67140,561
L, 1535,-122.494651,37.742179,66780,558
L, 1472,-122.494651,37.742179,66780,528
L, 1472,-122.504351,37.736125,66420,572
L, 1535,-122.504351,37.736125,66420,556
L, 1518,-122.465777,37.74092,68220,1022
L, 1438,-122.465777,37.74092,68220,1014
L, 1518,-122.478426,37.74289,67800,865
L, 1438,-122.478426,37.74289,67800,846
L, 1438,-122.494651,37.742179,67440,765
L, 1518,-122.494651,37.742179,67440,797
L, 1438,-122.504351,37.736125,67080,760
L, 1518,-122.504351,37.736125,67080,767
L, 1461,-122.396396,37.793143,70740,-1485
L, 1461,-122.396396,37.793143,70740,4346
L, 1461,-122.419193,37.775069,70320,4414
L, 1461,-122.419193,37.775069,70320,-1453
L, 1461,-122.435231,37.762576,70080,-1385
L, 1461,-122.435231,37.762576,70080,4474
L, 1461,-122.465777,37.74092,69720,-1212
L, 1461,-122.465777,37.74092,69720,4382
L, 1508,-122.478426,37.74289,69300,82
L, 1461,-122.478426,37.74289,69300,4388
L, 1461,-122.494651,37.742179,68940,-432
L, 1461,-122.494651,37.742179,68940,4468
L, 1461,-122.504351,37.736125,68580,-72
L, 1508,-122.504351,37.736125,68580,85
L, 1400,-122.478426,37.74289,70140,1695
L, 1430,-122.478426,37.74289,70140,1695
L, 1400,-122.494651,37.742179,69780,1613
L, 1430,-122.494651,37.742179,69780,1603
L, 1430,-122.504351,37.736125,69420,1493
L, 1400,-122.504351,37.736125,69420,1479
L, 1545,-122.478426,37.74289,70980,1010
L, 1545,-122.494651,37.742179,70620,1133
L, 1545,-122.504351,37.736125,70260,720
L, 1402,-122.396396,37.793143,73260,-41
L, 1423,-122.396396,37.793143,73260,-41
L, 1423,-122.419193,37.775069,72840,23
L, 1402,-122.419193,37.775069,72840,23
L, 1402,-122.435231,37.762576,72600,61
L, 1423,-122.435231,37.762576,72600,61
L, 1423,-122.465777,37.74092,72240,-110
L, 1402,-122.465777,37.74092,72240,-110
L, 1423,-122.478426,37.74289,71820,-151
L, 1402,-122.478426,37.74289,71820,-127
L, 1423,-122.494651,37.742179,71520,-239
L, 1402,-122.494651,37.742179,71520,-230
L, 1423,-122.504351,37.736125,71220,-145
L, 1402,-122.504351,37.736125,71220,-211
L, 1504,-122.396396,37.793143,76980,-73
L, 1504,-122.419193,37.775069,76560,-8
L, 1504,-122.435231,37.762576,76320,-52
L, 1504,-122.465777,37.74092,75960,-114
L, 1504,-122.478426,37.74289,75540,-73
L, 1504,-122.494651,37.742179,75240,-29
L, 1504,-122.504351,37.736125,74940,-26
L, 1402,-122.396396,37.793143,79080,-232
L, 1423,-122.396396,37.793143,79080,-215
L, 1402,-122.419193,37.775069,78660,-128
L, 1423,-122.419193,37.775069,78660,-130
L, 1423,-122.435231,37.762576,78420,-87
L, 1402,-122.435231,37.762576,78420,-87
L, 1423,-122.465777,37.74092,78060,-202
L, 1402,-122.465777,37.74092,78060,-203
L, 1402,-122.478426,37.74289,77640,-332
L, 1423,-122.478426,37.74289,77640,-291
L, 1423,-122.494651,37.742179,77340,-329
L, 1402,-122.494651,37.742179,77340,-353
L, 1423,-122.504351,37.736125,77040,-241
L, 1402,-122.504351,37.736125,77040,-246
L, 1493,-122.396396,37.793143,81480,35
L, 1493,-122.419193,37.775069,81120,-24
L, 1493,-122.435231,37.762576,80880,52
L, 1493,-122.465777,37.74092,80520,-12
L, 1493,-122.478426,37.74289,80160,49
L, 1493,-122.494651,37.742179,79860,-10
L, 1493,-122.504351,37.736125,79560,14
L, 1504,-122.396396,37.793143,82680,316
L, 1504,-122.419193,37.775069,82320,238
L, 1504,-122.435231,37.762576,82080,114
L, 1504,-122.465777,37.74092,81720,-99
L, 1504,-122.478426,37.74289,81360,-34
L, 1504,-122.494651,37.742179,81060,-42
L, 1504,-122.504351,37.736125,80760,-19
L, 1493,-122.396396,37.793143,86280,-98
L, 1493,-122.419193,37.775069,85920,-82
L, 1493,-122.435231,37.762576,85680,-11
L, 1493,-122.465777,37.74092,85320,-101
L, 1493,-122.478426,37.74289,84960,-100
L, 1493,-122.494651,37.742179,84660,-71
L, 1493,-122.504351,37.736125,84360,-40
L, 1504,-122.478426,37.74289,86160,23
L, 1504,-122.494651,37.742179,85860,44
L, 1504,-122.504351,37.736125,85560,74
L, 1473,-122.478426,37.74289,37080,-95
L, 1473,-122.494651,37.742179,36720,-86
L, 1473,-122.504351,37.736125,36360,-57
L, 1494,-122.478426,37.74289,67980,-643
L, 1494,-122.494651,37.742179,67620,-283
L, 1494,-122.504351,37.736125,67260,77
L, 1516,-122.478426,37.74289,69480,-622
L, 1516,-122.494651,37.742179,69120,-534
L, 1516,-122.504351,37.736125,68760,-241
L, 1509,-122.478426,37.74289,71160,704
L, 1510,-122.478426,37.74289,71160,832
L, 1401,-122.494651,37.742179,70800,649
L, 1510,-122.494651,37.742179,70800,951
L, 1401,-122.504351,37.736125,70440,655
L, 1510,-122.504351,37.736125,70440,995
L, 1445,-122.478426,37.74289,72060,100
L, 1445,-122.494651,37.742179,71760,162
L, 1445,-122.504351,37.736125,71460,196
L, 1402,-122.465777,37.74092,83520,-196
L, 1423,-122.465777,37.74092,83520,-193
L, 1402,-122.478426,37.74289,83160,-185
L, 1423,-122.478426,37.74289,83160,-175
L, 1402,-122.494651,37.742179,82860,-135
L, 1423,-122.494651,37.742179,82860,-142
L, 1423,-122.504351,37.736125,82560,-25
L, 1402,-122.504351,37.736125,82560,-91
